0.00342302
0.003425
0.00342729
0.00342991
0.00343284
0.00343611
0.00343969
0.0034436
0.00344784
0.0034524
0.00345728
0.00346249
0.00346803
0.00347389
0.00348008
0.0034866
0.00349345
0.00350062
0.00350813
0.00351596
0.00352413
0.00353262
0.00354145
0.00355062
0.00356011
0.00356994
0.00358011
0.00359062
0.00360146
0.00361264
0.00362416
0.00363602
0.00364822
0.00366077
0.00367366
0.0036869
0.00370048
0.00371441
0.00372869
0.00374332
0.00375831
0.00377365
0.00378934
0.00380539
0.0038218
0.00383856
0.00385569
0.00387318
0.00389104
0.00390926
0.00392785
0.00394682
0.00396615
0.00398586
0.00400594
0.00402641
0.00404725
0.00406847
0.00409008
0.00411208
0.00413447
0.00415724
0.00418041
0.00420398
0.00422794
0.00425231
0.00427708
0.00430226
0.00432784
0.00435384
0.00438025
0.00440708
0.00443433
0.004462
0.0044901
0.00451863
0.00454759
0.00457699
0.00460682
0.0046371
0.00466783
0.004699
0.00473063
0.00476271
0.00479526
0.00482827
0.00486175
0.0048957
0.00493012
0.00496503
0.00500042
0.0050363
0.00507267
0.00510954
0.00514692
0.0051848
0.00522319
0.0052621
0.00530153
0.00534148
0.00538197
0.005423
0.00546456
0.00550668
0.00554935
0.00559258
0.00563637
0.00568073
0.00572568
0.0057712
0.00581731
0.00586402
0.00591134
0.00595926
0.0060078
0.00605696
0.00610675
0.00615718
0.00620825
0.00625998
0.00631237
0.00636542
0.00641916
0.00647358
0.00652869
0.00658451
0.00664103
0.00669828
0.00675626
0.00681497
0.00687444
0.00693466
0.00699566
0.00705743
0.00712
0.00718336
0.00724754
0.00731254
0.00737838
0.00744506
0.00751261
0.00758102
0.00765033
0.00772053
0.00779164
0.00786368
0.00793666
0.00801059
0.00808549
0.00816138
0.00823827
0.00831618
0.00839511
0.0084751
0.00855616
0.0086383
0.00872154
0.00880591
0.00889141
0.00897808
0.00906593
0.00915498
0.00924526
0.00933678
0.00942957
0.00952366
0.00961906
0.0097158
0.0098139
0.0099134
0.0100143
0.0101167
0.0102205
0.0103259
0.0104328
0.0105412
0.0106513
0.0107629
0.0108763
0.0109913
0.0111081
0.0112267
0.0113471
0.0114693
0.0115934
0.0117195
0.0118475
0.0119776
0.0121098
0.0122441
0.0123806
0.0125193
0.0126602
0.0128036
0.0129493
0.0130975
0.0132482
0.0134016
0.0135575
0.0137162
0.0138778
0.0140422
0.0142095
0.0143799
0.0145535
0.0147303
0.0149103
0.0150938
0.0152809
0.0154715
0.0156659
0.0158641
0.0160664
0.0162727
0.0164833
0.0166982
0.0169177
0.0171418
0.0173708
0.0176049
0.0178441
0.0180887
0.0183389
0.0185949
0.0188568
0.0191251
0.0193998
0.0196813
0.0199698
0.0202656
0.0205691
0.0208805
0.0212002
0.0215285
0.021866
0.0222129
0.0225697
0.022937
0.0233151
0.0237047
0.0241063
0.0245205
0.0249481
0.0253897
0.025846
0.026318
0.0268065
0.0273125
0.027837
0.0283811
0.028946
0.0295331
0.0301438
0.0307795
0.031442
0.0321332
0.0328549
0.0336093
0.0343988
0.0352258
0.0360932
0.0370038
0.0379609
0.0389679
0.0400284
0.0411462
0.0423253
0.0435697
0.0448834
0.0462699
0.0477321
0.0492719
0.0508891
0.0525804
0.0543383
0.056148
0.0579854
0.0598127
0.0615739
0.0631907
0.0645599
0.0655564
0.0660486
0.0659317
0.0651814
0.06391
0.0623866
0.06098
0.0600366
0.0597805
0.0603001
0.0615808
0.063518
0.0659457
0.0687248
0.0718139
0.075207
0.078789
0.0822699
0.0852671
0.0874533
0.0886639
0.0889426
0.0885489
0.0879298
0.0876148
0.0880176
0.089232
0.0909662
0.0926692
0.093745
0.093727
0.0923829
0.089799
0.0864578
0.0832203
0.0810974
0.0808522
0.0826898
0.0862447
0.0908101
0.0956278
0.100107
0.103922
0.106988
0.109374
0.111215
0.112641
0.113747
0.114574
0.115114
0.115322
0.115138
0.114526
0.113532
0.112321
0.111191
0.110512
0.110633
0.111802
0.114133
0.117556
0.121766
0.12624
0.130375
0.133684
0.135948
0.137266
0.137978
0.138467
0.138906
0.139119
0.138727
0.13752
0.135792
0.134394
0.134402
0.136575
0.140928
0.146697
0.152688
0.157786
0.161361
0.163446
0.164616
0.16559
0.166771
0.168091
0.169272
0.170208
0.171061
0.172028
0.173038
0.173673
0.173395
0.171879
0.16924
0.165999
0.162838
0.160317
0.158741
0.158196
0.15869
0.160244
0.162849
0.166323
0.170253
0.174121
0.177513
0.180236
0.182273
0.183671
0.184481
0.184777
0.184684
0.18436
0.183953
0.183609
0.183527
0.183986
0.185248
0.187389
0.190203
0.193276
0.196172
0.198573
0.200327
0.20141
0.201843
0.2016
0.200512
0.198229
0.194347
0.188745
0.182086
0.176105
0.173152
0.174862
0.180921
0.189215
0.197248
0.203475
0.207729
0.210883
0.214128
0.218207
0.223078
0.228222
0.233197
0.237913
0.242554
0.247311
0.252183
0.256912
0.261052
0.264043
0.265267
0.264161
0.260658
0.256012
0.253201
0.255344
0.2628
0.272804
0.28215
0.28916
0.293572
0.295764
0.296293
0.295782
0.294908
0.294335
0.294541
0.295623
0.297226
0.298671
0.299183
0.298104
0.295112
0.2905
0.285408
0.281659
0.280994
0.284137
0.290488
0.298639
0.30716
0.315093
0.322064
0.32811
0.333323
0.337527
0.340215
0.340779
0.338809
0.334258
0.327511
0.319487
0.311814
0.306676
0.305766
0.308985
0.31455
0.320447
0.325461
0.329161
0.331505
0.332606
0.332711
0.332211
0.331579
0.331222
0.331311
0.331696
0.331962
0.331643
0.330433
0.328279
0.325459
0.322703
0.321207
0.322245
0.326331
0.332674
0.33966
0.345924
0.350918
0.354693
0.357418
0.359146
0.359915
0.359943
0.359665
0.359518
0.359643
0.359789
0.359548
0.358731
0.357563
0.356556
0.35617
0.356533
0.357401
0.35833
0.358882
0.358819
0.358245
0.357623
0.357578
0.35861
0.360897
0.364277
0.368305
0.37234
0.375752
0.378169
0.37962
0.38047
0.381165
0.381914
0.382532
0.382592
0.38177
0.380119
0.378094
0.376326
0.375305
0.375117
0.375397
0.375579
0.375316
0.374774
0.374614
0.375725
0.378809
0.383878
0.389982
0.39553
0.399076
0.399925
0.398248
0.394747
0.390097
0.384584
0.378417
0.372364
0.367459
0.363715
0.36008
0.356393
0.354268
0.355355
0.359823
0.366828
0.375158
0.383331
0.389903
0.393883
0.394885
0.393032
0.388794
0.38284
0.375975
0.369153
0.363383
0.359415
0.357507
0.357625
0.359796
0.364024
0.369929
0.376664
0.383226
0.388819
0.393044
0.395881
0.397531
0.398199
0.397922
0.396507
0.393641
0.389204
0.383697
0.378457
0.375101
0.374329
0.375377
0.376854
0.377921
0.378641
0.379607
0.381394
0.38422
0.387887
0.391988
0.396162
0.400253
0.404321
0.40855
0.413142
0.418225
0.423789
0.42967
0.435594
0.441241
0.4463
0.45048
0.453494
0.455057
0.454968
0.453345
0.45086
0.448487
0.44661
0.444583
0.441795
0.439112
0.43855
0.441335
0.446915
0.453945
0.461499
0.469281
0.477264
0.48534
0.493129
0.499928
0.504759
0.506487
0.504009
0.496699
0.485265
0.472623
0.463353
0.461057
0.465912
0.47507
0.484982
0.493222
0.498828
0.501766
0.502343
0.500887
0.49768
0.493038
0.487483
0.481866
0.47724
0.474355
0.473178
0.472983
0.472972
0.472774
0.472412
0.471954
0.471249
0.469986
0.467952
0.465265
0.462447
0.460287
0.459548
0.460593
0.463141
0.466287
0.468758
0.4692
0.466433
0.459867
0.450378
0.441172
0.436914
0.440302
0.449524
0.460034
0.468099
0.472314
0.473101
0.471881
0.470585
0.471046
0.473964
0.478306
0.481987
0.483189
0.481227
0.476917
0.472573
0.471108
0.474126
0.480801
0.488971
0.496925
0.503999
0.510137
0.515352
0.519556
0.522678
0.524822
0.526259
0.52725
0.527888
0.528124
0.527987
0.527752
0.527901
0.528867
0.530764
0.533301
0.535932
0.538091
0.539372
0.539604
0.538843
0.537346
0.535559
0.534102
0.533636
0.534567
0.536769
0.539671
0.542713
0.545726
0.54877
0.551637
0.553614
0.553782
0.551576
0.547252
0.542061
0.537776
0.535513
0.534806
0.534058
0.531864
0.527794
0.522278
0.516175
0.510542
0.506515
0.504958
0.505943
0.508631
0.511771
0.514304
0.51561
0.515374
0.513361
0.5093
0.502928
0.494226
0.483859
0.473589
0.465814
0.461965
0.461318
0.461894
0.462298
0.462442
0.462894
0.463967
0.465435
0.466847
0.467876
0.468423
0.468541
0.468344
0.467943
0.467423
0.466826
0.466155
0.465365
0.464365
0.463032
0.461235
0.458923
0.456244
0.453654
0.451839
0.451332
0.452064
0.453288
0.454096
0.45413
0.453963
0.454777
0.457465
0.461918
0.467218
0.472375
0.476799
0.480245
0.482539
0.483407
0.482568
0.4801
0.476926
0.474915
0.476051
0.481013
0.488673
0.49706
0.504571
0.510395
0.514384
0.516797
0.518042
0.518471
0.518344
0.517925
0.517451
0.517006
0.516555
0.516186
0.516163
0.51666
0.517545
0.518563
0.519693
0.521222
0.523425
0.526261
0.529345
0.532004
0.533464
0.533424
0.532458
0.531485
0.530804
0.529914
0.528351
0.526786
0.527244
0.531593
0.539637
0.549372
0.558784
0.566783
0.572968
0.577242
0.579657
0.580383
0.579687
0.577876
0.575222
0.571865
0.567754
0.562735
0.556914
0.551208
0.547575
0.548112
0.553387
0.561763
0.570614
0.577972
0.583191
0.586589
0.588739
0.589949
0.590233
0.589581
0.588171
0.586358
0.584618
0.583665
0.584501
0.587846
0.593355
0.599801
0.606173
0.61231
0.618466
0.62449
0.629405
0.631595
0.629423
0.62214
0.610882
0.598904
0.590081
0.586632
0.58825
0.593285
0.600854
0.611298
0.624327
0.637959
0.649774
0.658337
0.663357
0.665211
0.664587
0.662273
0.658963
0.655033
0.650512
0.645398
0.640108
0.635729
0.633732
0.634847
0.63779
0.639904
0.639477
0.636988
0.634292
0.633205
0.634951
0.640151
0.64836
0.658078
0.667916
0.677136
0.685194
0.69161
0.696212
0.699054
0.700027
0.698717
0.694781
0.688475
0.68088
0.673826
0.669832
0.671456
0.679141
0.689919
0.699703
0.70633
0.709954
0.711663
0.71237
0.712758
0.713792
0.716692
0.721903
0.728226
0.733453
0.735812
0.734837
0.731329
0.726794
0.722722
0.720127
0.71954
0.720869
0.722687
0.722238
0.717423
0.709406
0.702782
0.701317
0.703704
0.706286
0.708407
0.712269
0.719057
0.727272
0.734095
0.736974
0.734241
0.725087
0.709444
0.688875
0.668581
0.656056
0.653524
0.655195
0.655186
0.653646
0.654484
0.659994
0.66921
0.679862
0.690009
0.698458
0.704483
0.707319
0.705934
0.699137
0.68608
0.667568
0.648292
0.637058
0.640222
0.654385
0.670215
0.680799
0.683761
0.679451
0.669511
0.65655
0.644111
0.635458
0.63147
0.631089
0.634226
0.64197
0.653735
0.666354
0.676289
0.681752
0.683272
0.683021
0.68309
0.683548
0.682086
0.676437
0.668395
0.664496
0.669104
0.679014
0.688564
0.695085
0.698394
0.699012
0.697523
0.694502
0.690537
0.686284
0.682563
0.680377
0.680694
0.684023
0.690054
0.697688
0.705468
0.712114
0.716913
0.719877
0.721661
0.723244
0.725393
0.728261
0.731465
0.734566
0.737414
0.740023
0.742156
0.743057
0.741558
0.736546
0.727481
0.714646
0.699165
0.683094
0.669606
0.662722
0.665907
0.679677
0.700328
0.721787
0.738955
0.749372
0.752872
0.75072
0.744839
0.737112
0.729551
0.725157
0.72668
0.733783
0.743286
0.751881
0.757299
0.757881
0.752219
0.73962
0.721447
0.702187
0.687812
0.681652
0.682875
0.688801
0.696654
0.703736
0.707769
0.70758
0.703628
0.69809
0.694003
0.693618
0.697363
0.704131
0.71201
0.718959
0.723371
0.724334
0.72167
0.716045
0.709131
0.703215
0.699878
0.698834
0.698509
0.697764
0.696625
0.695535
0.694466
0.69296
0.690659
0.687471
0.683354
0.678273
0.672547
0.667221
0.66398
0.664556
0.669783
0.678772
0.689117
0.698281
0.704758
0.708173
0.708792
0.707012
0.703085
0.697207
0.689967
0.682646
0.676764
0.672996
0.670729
0.668875
0.666931
0.665223
0.664452
0.66525
0.66807
0.673229
0.68084
0.690592
0.701555
0.712331
0.721607
0.728603
0.732995
0.734464
0.732296
0.725382
0.713031
0.697073
0.68366
0.679504
0.68405
0.690111
0.691603
0.686671
0.676834
0.666372
0.660807
0.66347
0.673522
0.687128
0.699693
0.707904
0.710911
0.710287
0.708607
0.70704
0.704895
0.702419
0.70231
0.706958
0.715582
0.72527
0.733669
0.739572
0.741547
0.737613
0.727451
0.714938
0.706741
0.706517
0.711459
0.716014
0.71763
0.717893
0.719688
0.724584
0.732399
0.742002
0.751889
0.760144
0.764193
0.761155
0.75017
0.737115
0.733374
0.741633
0.751871
0.755714
0.752491
0.745044
0.736301
0.728159
0.721287
0.715304
0.709139
0.701848
0.694255
0.689794
0.691418
0.697432
0.703115
0.70528
0.703564
0.699325
0.694523
0.690829
0.68888
0.688169
0.687651
0.686439
0.684118
0.680738
0.676708
0.672631
0.669015
0.665961
0.663085
0.659823
0.655823
0.651011
0.645355
0.638817
0.631753
0.625456
0.622124
0.62363
0.629795
0.638148
0.645545
0.649773
0.649921
0.645927
0.638206
0.62799
0.618218
0.613273
0.61563
0.622571
0.628799
0.631483
0.631198
0.629743
0.628117
0.626036
0.622725
0.617929
0.612331
0.607214
0.603571
0.60136
0.599732
0.597997
0.596181
0.594761
0.594148
0.594469
0.595622
0.597369
0.599342
0.601067
0.602071
0.601985
0.600566
0.597672
0.593315
0.587892
0.582461
0.578642
0.577789
0.579965
0.583899
0.587913
0.590707
0.591451
0.58968
0.58568
0.581418
0.580599
0.586007
0.596495
0.608213
0.61816
0.625412
0.630192
0.632853
0.633494
0.632045
0.628518
0.623191
0.616659
0.609961
0.604904
0.603961
0.608924
0.619376
0.632939
0.646936
0.659509
0.669636
0.676766
0.680592
0.681048
0.678452
0.673675
0.668187
0.663829
0.662265
0.664317
0.669494
0.67618
0.682482
0.686993
0.688963
0.688111
0.684572
0.679251
0.67423
0.672199
0.674683
0.680984
0.689169
0.697416
0.704407
0.709289
0.7116
0.711069
0.707345
0.70004
0.689484
0.677778
0.668274
0.662615
0.659216
0.655903
0.652687
0.651798
0.656173
0.667149
0.682754
0.698993
0.712772
0.723108
0.730366
0.735188
0.737886
0.738274
0.735737
0.729439
0.71857
0.702475
0.680818
0.65512
0.632215
0.622874
0.631321
0.651644
0.6754
0.696099
0.709786
0.715028
0.712469
0.704681
0.696113
0.6913
0.691384
0.693249
0.693109
0.690288
0.687622
0.688729
0.694843
0.704313
0.714456
0.723089
0.72886
0.731135
0.729944
0.725997
0.720575
0.71513
0.710679
0.707332
0.704198
0.699505
0.690838
0.676087
0.656187
0.637851
0.628683
0.627958
0.630266
0.633635
0.639045
0.648004
0.659929
0.670972
0.677036
0.676785
0.671769
0.664974
0.659039
0.654916
0.651889
0.648792
0.645092
0.641151
0.637921
0.636383
0.636897
0.638842
0.640861
0.641494
0.6397
0.635137
0.628331
0.620672
0.613913
0.609154
0.606229
0.604246
0.602578
0.601253
0.600619
0.600859
0.601813
0.603131
0.604501
0.605764
0.606876
0.607817
0.608477
0.608564
0.607529
0.604596
0.598945
0.590125
0.578573
0.565914
0.554641
0.547352
0.545867
0.54985
0.556118
0.560597
0.561163
0.558593
0.555612
0.554914
0.55724
0.561038
0.563894
0.564004
0.560595
0.55369
0.543979
0.533088
0.523761
0.518821
0.519088
0.52273
0.527087
0.530556
0.532836
0.53426
0.53519
0.535784
0.53603
0.535896
0.535454
0.534911
0.534558
0.534678
0.535459
0.536948
0.539051
0.541558
0.544163
0.546455
0.547903
0.547855
0.54566
0.541012
0.534581
0.528509
0.525829
0.528524
0.536095
0.546252
0.556539
0.565193
0.571171
0.573979
0.573603
0.570582
0.566046
0.561424
0.557733
0.555004
0.552465
0.549256
0.544935
0.539579
0.533751
0.528445
0.524807
0.523639
0.525168
0.529261
0.535535
0.543155
0.550913
0.557813
0.56354
0.568356
0.572624
0.576432
0.579543
0.581567
0.582122
0.580906
0.577716
0.572519
0.56566
0.558167
0.551849
0.548758
0.550017
0.554991
0.561698
0.567989
0.572354
0.573982
0.572503
0.567878
0.560566
0.551802
0.543547
0.537848
0.536028
0.538306
0.543817
0.550967
0.558153
0.564329
0.569016
0.572068
0.573518
0.573488
0.572143
0.569681
0.566371
0.562611
0.558925
0.555895
0.554061
0.553715
0.554619
0.555861
0.556207
0.554853
0.551997
0.548761
0.546387
0.545344
0.545206
0.545471
0.54641
0.548974
0.55375
0.560069
0.566273
0.570683
0.572304
0.571031
0.567503
0.562607
0.556982
0.551215
0.546517
0.544657
0.546705
0.552016
0.558849
0.56574
0.571966
0.577182
0.581058
0.583297
0.583846
0.583021
0.581298
0.578923
0.575714
0.571263
0.565297
0.557854
0.54924
0.539941
0.530658
0.522361
0.51604
0.512137
0.510218
0.509363
0.508883
0.50863
0.508813
0.50967
0.511274
0.513509
0.516108
0.51873
0.521044
0.522824
0.523988
0.524584
0.524733
0.524569
0.524167
0.523496
0.522386
0.520538
0.517601
0.51334
0.507839
0.501565
0.495118
0.488845
0.482953
0.47836
0.47715
0.481059
0.489237
0.498896
0.508022
0.516218
0.52354
0.529675
0.534112
0.536591
0.537254
0.536568
0.535191
0.533861
0.533263
0.533858
0.535715
0.538468
0.541458
0.543983
0.545518
0.545859
0.545189
0.544089
0.543466
0.54431
0.547279
0.552335
0.558735
0.565409
0.571397
0.576033
0.578874
0.579615
0.578146
0.574692
0.569887
0.564634
0.559791
0.555862
0.552953
0.550997
0.549958
0.549815
0.550473
0.551789
0.553648
0.555909
0.558347
0.560832
0.563584
0.567039
0.571335
0.576009
0.580294
0.58363
0.58589
0.587301
0.588247
0.589094
0.590046
0.591024
0.591581
0.590907
0.58803
0.582279
0.57394
0.564712
0.557391
0.554529
0.556509
0.560789
0.563835
0.564102
0.56311
0.563819
0.567723
0.573493
0.578267
0.579647
0.576777
0.570733
0.564184
0.56008
0.560349
0.565613
0.575133
0.586538
0.596419
0.601791
0.601429
0.59662
0.590537
0.58548
0.580664
0.574009
0.565386
0.557117
0.551955
0.551116
0.553895
0.558521
0.563119
0.566263
0.56723
0.566066
0.563421
0.560129
0.556694
0.553106
0.549204
0.545308
0.542409
0.541442
0.542326
0.543967
0.54512
0.54502
0.543408
0.540338
0.536022
0.530771
0.524971
0.519104
0.513772
0.509693
0.507574
0.507819
0.510228
0.513985
0.517987
0.521263
0.523207
0.52357
0.52234
0.519647
0.51574
0.511016
0.506035
0.501467
0.497988
0.496109
0.496003
0.497405
0.49967
0.502002
0.503729
0.50448
0.504231
0.503243
0.501922
0.500645
0.499627
0.498865
0.498212
0.497486
0.496584
0.495535
0.494495
0.493694
0.493347
0.493587
0.494453
0.495911
0.497884
0.500228
0.502723
0.505098
0.507108
0.508615
0.509651
0.510434
0.511328
0.512734
0.514942
0.517999
0.521666
0.525479
0.52887
0.531316
0.532508
0.532482
0.531634
0.530551
0.529717
0.529226
0.528722
0.527703
0.525982
0.523923
0.522356
0.522266
0.524371
0.52865
0.534156
0.539507
0.543853
0.547247
0.549724
0.550365
0.548332
0.545082
0.54413
0.547272
0.552387
0.556079
0.556698
0.554555
0.55089
0.54712
0.544463
0.543698
0.544983
0.547869
0.551543
0.555162
0.55808
0.55991
0.560474
0.55971
0.557589
0.554074
0.549139
0.542884
0.53577
0.528853
0.523729
0.521887
0.52379
0.528596
0.534776
0.540896
0.545919
0.549182
0.550379
0.549675
0.547823
0.546064
0.545666
0.547203
0.550151
0.553261
0.555407
0.556161
0.555799
0.554964
0.554302
0.554206
0.554745
0.555752
0.556999
0.558322
0.559649
0.560942
0.562158
0.563269
0.564295
0.565316
0.566406
0.567543
0.568535
0.56905
0.568783
0.567705
0.566197
0.564827
0.563842
0.562901
0.561465
0.559465
0.55756
0.556762
0.55781
0.560777
0.565013
0.569321
0.572302
0.572783
0.570136
0.564438
0.556585
0.548436
0.54258
0.541266
0.545059
0.552599
0.56163
0.570077
0.576408
0.579419
0.577817
0.570059
0.555493
0.537956
0.527607
0.531371
0.543168
0.552857
0.556562
0.555326
0.551288
0.546189
0.541179
0.536866
0.533357
0.530313
0.527161
0.523446
0.51917
0.514918
0.511625
0.510076
0.510408
0.511959
0.513555
0.513973
0.512309
0.508213
0.502063
0.495023
0.488722
0.484548
0.483139
0.4844
0.487661
0.491851
0.495894
0.499138
0.501425
0.502864
0.503577
0.503573
0.502735
0.500885
0.497893
0.493774
0.488782
0.483443
0.478494
0.474677
0.472445
0.471747
0.472068
0.472779
0.473535
0.47442
0.475693
0.477339
0.478879
0.479625
0.479162
0.477768
0.476511
0.476746
0.47915
0.483176
0.487526
0.491045
0.493169
0.493844
0.493292
0.491857
0.489932
0.487931
0.486224
0.48504
0.484378
0.48398
0.483401
0.482116
0.479663
0.475782
0.470586
0.464707
0.459305
0.455813
0.455434
0.458645
0.465035
0.473548
0.48292
0.492046
0.500134
0.506701
0.511484
0.514376
0.51542
0.514882
0.513331
0.51156
0.510239
0.509485
0.508815
0.507611
0.5057
0.503553
0.501919
0.5012
0.501113
0.501006
0.500502
0.499823
0.499583
0.500343
0.50227
0.50505
0.50802
0.510411
0.511591
0.51123
0.50939
0.506537
0.503437
0.500885
0.499369
0.49892
0.499272
0.50016
0.501466
0.503173
0.505238
0.507521
0.509801
0.511857
0.513557
0.514901
0.51601
0.517059
0.518193
0.519463
0.520836
0.522261
0.52375
0.525429
0.527497
0.530104
0.533192
0.536404
0.539118
0.540612
0.540262
0.537732
0.533081
0.526745
0.519378
0.511623
0.504027
0.497222
0.49219
0.490233
0.492388
0.498611
0.50747
0.516772
0.524754
0.530909
0.535825
0.540254
0.544343
0.547747
0.550205
0.551842
0.553043
0.554175
0.555388
0.556586
0.557516
0.557905
0.557564
0.55645
0.554686
0.552555
0.550428
0.548604
0.54709
0.545432
0.542734
0.53794
0.530403
0.520757
0.511581
0.506584
0.507886
0.514199
0.522282
0.529469
0.534561
0.537385
0.538201
0.537403
0.53544
0.532812
0.530071
0.527771
0.526364
0.526073
0.526777
0.527992
0.528969
0.528921
0.527325
0.524227
0.520455
0.517482
0.516789
0.51898
0.523365
0.528378
0.532427
0.534499
0.534284
0.531968
0.527987
0.523018
0.518227
0.515301
0.515656
0.519334
0.524957
0.530857
0.536015
0.540127
0.543257
0.545585
0.547348
0.548818
0.550146
0.551113
0.551001
0.548762
0.543496
0.535095
0.52481
0.515221
0.509289
0.508997
0.514549
0.524411
0.536037
0.546985
0.55572
0.561696
0.564988
0.565905
0.564807
0.562106
0.558382
0.554449
0.551246
0.549502
0.549369
0.550311
0.551399
0.551842
0.551401
0.550431
0.549599
0.549681
0.551561
0.55596
0.562717
0.570581
0.577963
0.583804
0.587758
0.589856
0.590184
0.58879
0.585801
0.581593
0.576854
0.572444
0.569108
0.567316
0.567321
0.569235
0.572844
0.577376
0.581647
0.584548
0.585419
0.58412
0.580952
0.576612
0.57211
0.568503
0.566489
0.566175
0.567201
0.568977
0.570845
0.572195
0.572567
0.571672
0.569328
0.565413
0.559928
0.553218
0.546234
0.540581
0.538042
0.539568
0.544507
0.5509
0.556631
0.560436
0.562192
0.562563
0.562331
0.561838
0.560868
0.559036
0.556347
0.553433
0.551151
0.549783
0.548584
0.546098
0.540975
0.533107
0.524905
0.52102
0.524621
0.533891
0.544109
0.551816
0.555849
0.556223
0.553175
0.546897
0.53772
0.52654
0.515289
0.507025
0.504821
0.50951
0.518527
0.527682
0.533763
0.535503
0.53331
0.528988
0.525331
0.524827
0.527967
0.533108
0.53807
0.541459
0.542704
0.541538
0.537674
0.530938
0.521755
0.511678
0.503314
0.499217
0.500369
0.505672
0.512821
0.519607
0.524728
0.527906
0.529564
0.530329
0.530612
0.530436
0.529549
0.527669
0.524687
0.520759
0.516354
0.512303
0.509646
0.509127
0.510641
0.51329
0.516051
0.518401
0.520324
0.52184
0.522665
0.522353
0.520695
0.517935
0.514698
0.511694
0.509381
0.507797
0.506776
0.506455
0.50755
0.510807
0.515999
0.521761
0.526505
0.529289
0.529944
0.528746
0.526107
0.522429
0.518098
0.513547
0.509297
0.505932
0.503961
0.503603
0.504621
0.506338
0.507886
0.508584
0.508222
0.507027
0.50538
0.503542
0.50164
0.499834
0.498399
0.49762
0.497617
0.498258
0.499222
0.50015
0.500768
0.500915
0.500485
0.499332
0.497251
0.494112
0.490141
0.486136
0.483303
0.482605
0.484113
0.486982
0.490041
0.492461
0.494075
0.495327
0.49694
0.499429
0.502756
0.506338
0.509354
0.511036
0.510801
0.508307
0.503604
0.497439
0.491466
0.487762
0.487592
0.490579
0.495286
0.500309
0.504697
0.507827
0.509358
0.509391
0.508522
0.507521
0.506794
0.506099
0.504795
0.502364
0.498779
0.494585
0.490741
0.488263
0.48779
0.489324
0.492326
0.496065
0.499893
0.503355
0.506178
0.508269
0.509688
0.510598
0.511186
0.511591
0.511852
0.511852
0.511279
0.509711
0.506892
0.503009
0.498733
0.494939
0.492343
0.491273
0.491667
0.493265
0.495753
0.498691
0.501399
0.503036
0.502919
0.500991
0.498236
0.496514
0.497452
0.501211
0.506545
0.511934
0.516426
0.519693
0.521741
0.522646
0.522453
0.521205
0.519023
0.516184
0.513124
0.510365
0.508375
0.507484
0.507957
0.510126
0.514299
0.520376
0.527576
0.534639
0.540319
0.543773
0.544674
0.543168
0.539767
0.53519
0.530159
0.525216
0.520711
0.516901
0.513958
0.511843
0.510295
0.509124
0.508482
0.508714
0.509921
0.51177
0.513717
0.515315
0.516324
0.516671
0.516381
0.515524
0.514165
0.512329
0.509976
0.507025
0.50343
0.499287
0.494909
0.490783
0.487392
0.485007
0.483624
0.483115
0.483461
0.484831
0.48739
0.490979
0.495028
0.498818
0.501805
0.503751
0.504674
0.504744
0.504215
0.503356
0.502367
0.501296
0.500053
0.498646
0.497581
0.497967
0.500824
0.505963
0.511767
0.51616
0.517608
0.515345
0.509182
0.499554
0.488088
0.47817
0.473983
0.477547
0.486965
0.498544
0.509697
0.519277
0.526506
0.530582
0.53108
0.528352
0.523498
0.517922
0.512704
0.508198
0.504082
0.499667
0.494276
0.487666
0.480435
0.474216
0.471256
0.47309
0.479257
0.487571
0.495685
0.502229
0.506851
0.509754
0.511291
0.51177
0.511383
0.510204
0.508228
0.50541
0.501656
0.496764
0.490404
0.48237
0.473311
0.465548
0.462706
0.467218
0.47786
0.490625
0.501757
0.509441
0.513536
0.514761
0.514136
0.512722
0.511458
0.511009
0.51168
0.513457
0.516158
0.519539
0.523273
0.526876
0.529671
0.530904
0.52996
0.526649
0.52144
0.515509
0.510396
0.507309
0.506542
0.507517
0.509469
0.512174
0.516038
0.521468
0.528152
0.534955
0.540444
0.543566
0.544059
0.54252
0.540163
0.538316
0.537826
0.538678
0.54012
0.541242
0.541659
0.54183
0.542678
0.544732
0.547603
0.550211
0.551342
0.550048
0.546078
0.540457
0.535443
0.533014
0.533068
0.53381
0.533779
0.532811
0.531352
0.529374
0.525982
0.519918
0.510825
0.500843
0.494587
0.495303
0.501125
0.507442
0.511444
0.513028
0.513279
0.513167
0.513072
0.512873
0.512252
0.510993
0.509125
0.50687
0.504421
0.50177
0.498778
0.495491
0.492366
0.490153
0.489455
0.490306
0.492129
0.494079
0.495491
0.49614
0.496281
0.496509
0.497522
0.499838
0.503577
0.508425
0.513749
0.518782
0.522777
0.52511
0.525378
0.523547
0.520107
0.516079
0.512716
0.510978
0.511225
0.513346
0.51703
0.521851
0.527213
0.532437
0.536976
0.540549
0.543084
0.54458
0.545008
0.544337
0.54264
0.540184
0.537391
0.534675
0.532281
0.530285
0.528781
0.527985
0.528092
0.529091
0.530833
0.533217
0.536176
0.539561
0.543186
0.546896
0.550449
0.553401
0.555205
0.555422
0.553849
0.550567
0.546038
0.541267
0.537656
0.536237
0.536794
0.537989
0.538454
0.537616
0.535619
0.532802
0.529355
0.52538
0.521167
0.517328
0.514563
0.513204
0.512954
0.513072
0.512852
0.512041
0.510867
0.509696
0.508755
0.508269
0.50875
0.510906
0.515062
0.520678
0.526523
0.531298
0.534127
0.53471
0.53331
0.530688
0.527894
0.525801
0.524639
0.523936
0.522972
0.521316
0.519099
0.516923
0.515526
0.515348
0.516244
0.51757
0.518591
0.518903
0.518628
0.518309
0.518636
0.520137
0.522995
0.527003
0.531663
0.536338
0.54043
0.543509
0.545359
0.545951
0.545362
0.543683
0.540936
0.537081
0.532173
0.526632
0.521402
0.51765
0.516062
0.516457
0.518131
0.520416
0.522839
0.524967
0.526332
0.526543
0.525458
0.523288
0.520574
0.518039
0.516286
0.51552
0.515471
0.515589
0.515319
0.514259
0.512167
0.508957
0.50487
0.500775
0.498211
0.49869
0.502601
0.50882
0.515494
0.521083
0.524797
0.526428
0.52604
0.523753
0.519672
0.513948
0.506924
0.499296
0.492127
0.486593
0.483489
0.482825
0.483823
0.485339
0.486413
0.48666
0.486348
0.486227
0.487173
0.489775
0.494035
0.499356
0.504815
0.509508
0.512813
0.514476
0.514621
0.513731
0.512607
0.5122
0.513262
0.515977
0.519885
0.524178
0.528113
0.531248
0.533448
0.534787
0.535437
0.535594
0.535451
0.53521
0.53509
0.535282
0.535825
0.536519
0.537004
0.536948
0.536219
0.534927
0.533488
0.532798
0.53422
0.53896
0.547046
0.556998
0.566636
0.574162
0.578659
0.58
0.57855
0.57489
0.569684
0.563656
0.557622
0.552476
0.549048
0.547842
0.548854
0.551638
0.555566
0.560037
0.564527
0.568575
0.571808
0.573962
0.574862
0.574366
0.572324
0.568586
0.56308
0.555968
0.547831
0.539705
0.532742
0.527574
0.524016
0.521646
0.520633
0.521605
0.5246
0.528567
0.532037
0.533977
0.533994
0.532099
0.528447
0.523249
0.516807
0.509634
0.502532
0.496539
0.49263
0.491282
0.49219
0.494388
0.496696
0.498185
0.498429
0.497525
0.495955
0.494368
0.493321
0.493057
0.493429
0.493987
0.494201
0.493693
0.492407
0.490666
0.489098
0.488402
0.489012
0.490834
0.493236
0.495337
0.496441
0.496397
0.495629
0.494765
0.494103
0.493418
0.492348
0.491016
0.490326
0.491498
0.494954
0.499595
0.503385
0.504602
0.502563
0.497604
0.490795
0.483582
0.477279
0.472503
0.469216
0.467571
0.468447
0.472465
0.478614
0.484606
0.488468
0.489458
0.487928
0.484871
0.481508
0.4789
0.477574
0.477421
0.477948
0.478686
0.479423
0.480192
0.481122
0.482291
0.483662
0.485105
0.48647
0.487653
0.488626
0.489402
0.489971
0.490253
0.490081
0.489261
0.487683
0.485463
0.483067
0.481298
0.481002
