0.92909
0.861874
0.780396
0.861721
1.07141
1.29771
1.47753
1.61392
1.72501
1.81302
1.87954
1.93005
1.96472
1.98091
1.97607
1.95221
1.92054
1.89526
1.88634
1.89392
1.90841
1.90948
1.86022
1.75033
1.67792
1.69601
1.74176
1.75913
1.74097
1.73082
1.73124
1.70246
1.62436
1.51887
1.43648
1.41715
1.46413
1.5293
1.54656
1.50448
1.45609
1.45123
1.47657
1.51059
1.55259
1.58747
1.58399
1.53121
1.47372
1.4696
1.49843
1.52664
1.54103
1.53924
1.54723
1.59948
1.67476
1.71616
1.7111
1.68253
1.65544
1.6477
1.65219
1.66192
1.68782
1.71965
1.73695
1.73779
1.72781
1.70596
1.66759
1.60794
1.53044
1.48061
1.53801
1.64729
1.71641
1.75224
1.77587
1.79343
1.79688
1.76564
1.6742
1.51325
1.39106
1.44012
1.53226
1.5673
1.55473
1.5265
1.50452
1.50849
1.54493
1.58155
1.56515
1.50382
1.47642
1.52253
1.58766
1.61432
1.59082
1.53281
1.46489
1.42834
1.47398
1.58528
1.68991
1.73442
1.70664
1.63227
1.55572
1.50803
1.49571
1.51951
1.57256
1.62404
1.64234
1.62628
1.59823
1.57069
1.54186
1.51876
1.51654
1.53259
1.5443
1.53672
1.515
1.49173
1.46188
1.41137
1.34993
1.32647
1.39406
1.51904
1.62475
1.6804
1.68749
1.66484
1.63985
1.61702
1.57655
1.53354
1.54427
1.61145
1.68764
1.73662
1.73753
1.69706
1.66129
1.66326
1.68042
1.68175
1.65322
1.59759
1.54352
1.53016
1.56138
1.61334
1.66302
1.69596
1.71385
1.71749
1.70883
1.70384
1.69325
1.64886
1.59388
1.56702
1.55319
1.53544
1.51688
1.49831
1.48703
1.48474
1.48984
1.51226
1.55371
1.59693
1.63651
1.68761
1.74689
1.79269
1.8061
1.76702
1.68497
1.64569
1.68352
1.73757
1.76839
1.74045
1.66174
1.60907
1.61559
1.63418
1.64816
1.66738
1.68189
1.68604
1.6866
1.68105
1.67542
1.02483
1.07728
1.12304
1.15542
1.18198
1.20259
1.21383
1.21663
1.21586
1.21716
1.2233
1.22992
1.22797
1.21049
1.18097
1.15714
1.15323
1.15993
1.15661
1.13796
1.12448
1.1305
1.14099
1.13967
1.1288
1.12837
1.14714
1.17139
1.19271
1.20876
1.20723
1.1852
1.18405
1.23383
1.29139
1.32215
1.32363
1.29808
1.25301
1.21158
1.19655
1.20024
1.19975
1.18513
1.15916
1.13786
1.14608
1.1777
1.20677
1.22357
1.22522
1.21151
1.18978
1.16833
1.15079
1.13846
1.12781
1.11821
1.12479
1.16317
1.21816
1.25627
1.26664
1.26909
1.28387
1.31033
1.33487
1.34403
1.33188
1.30316
1.27205
1.25084
1.23764
1.22457
1.21003
1.20043
1.2067
1.23125
1.25885
1.27223
1.2663
1.24609
1.21695
1.18299
1.153
1.14382
1.16952
1.20963
1.22629
1.203
1.14858
1.09361
1.07119
1.0851
1.11623
1.14578
1.16229
1.1666
1.16899
1.1745
1.17305
1.15347
1.13324
1.14356
1.18316
1.22902
1.26015
1.26531
1.24977
1.23305
1.23182
1.2438
1.25512
1.25928
1.25802
1.25254
1.24557
1.24391
1.24572
1.23729
1.21805
1.20866
1.21389
1.20619
1.16748
1.12518
1.11949
1.13861
1.1612
1.182
1.19854
1.21437
1.23496
1.24891
1.23614
1.19761
1.16782
1.18688
1.2355
1.25102
1.21672
1.17822
1.1703
1.18611
1.20927
1.22275
1.22412
1.23139
1.25631
1.28142
1.28455
1.26885
1.25077
1.22795
1.18987
1.14361
1.10283
1.07637
1.07065
1.08321
1.09612
1.09592
1.09131
1.09788
1.12776
1.18118
1.2315
1.24553
1.22419
1.19987
1.20071
1.23176
1.27086
1.28873
1.28342
1.27393
1.27347
1.28221
1.29337
1.29606
1.28116
1.25269
1.22458
1.20754
1.21295
1.24902
1.29633
1.32013
1.30382
1.25566
1.19923
1.16023
1.15336
1.17759
1.21755
1.24662
1.24322
1.2078
1.16437
1.14397
1.01696
1.05898
1.09919
1.11189
1.09147
1.06733
1.07369
1.10369
1.12878
1.13263
1.11199
1.07454
1.04498
1.04896
1.07193
1.08336
1.08305
1.0897
1.1122
1.1432
1.16702
1.16969
1.15998
1.16177
1.17049
1.16605
1.14333
1.10839
1.07388
1.05635
1.05976
1.07636
1.10523
1.13424
1.13466
1.09437
1.0392
1.0178
1.03992
1.06839
1.07462
1.06418
1.05943
1.07135
1.0969
1.12691
1.14385
1.13399
1.10553
1.0861
1.0909
1.10718
1.11666
1.11075
1.09571
1.09138
1.11188
1.14815
1.18077
1.20059
1.20579
1.19761
1.18135
1.16069
1.13457
1.10027
1.0629
1.04766
1.08356
1.15876
1.22847
1.26393
1.26066
1.22521
1.17168
1.12072
1.0887
1.08022
1.09412
1.12244
1.15506
1.18546
1.20455
1.20309
1.17844
1.14266
1.11968
1.12095
1.13779
1.15713
1.1718
1.17921
1.18268
1.18759
1.19009
1.176
1.14372
1.10779
1.07178
1.03235
1.00446
1.00536
1.03745
1.09022
1.13333
1.14288
1.12363
1.09525
1.07841
1.07874
1.08563
1.09564
1.11695
1.15261
1.19084
1.21205
1.20189
1.16111
1.1072
1.06373
1.04289
1.04001
1.04971
1.0713
1.09373
1.10218
1.10049
1.1087
1.13539
1.16336
1.17136
1.15651
1.12331
1.07385
1.02467
1.00413
1.02738
1.0842
1.14915
1.1989
1.22227
1.21946
1.19773
1.16879
1.14454
1.13234
1.13117
1.13288
1.12796
1.11425
1.10054
1.09169
1.07937
1.06205
1.04705
1.03364
1.01762
1.00196
0.993659
0.995103
1.00415
1.02138
1.04893
1.08257
1.11094
1.12185
1.11743
1.12443
1.14724
1.15979
1.15999
1.15887
1.15318
1.13233
1.10098
1.07902
1.07904
1.10193
1.13664
1.16358
1.17393
1.17689
1.18192
1.18135
1.16159
1.12434
1.08931
1.07546
1.08997
1.12737
1.16742
1.18583
1.17024
1.12363
1.06048
1.0018
0.966523
0.961993
0.981854
1.01296
1.02766
1.04111
1.03924
1.03545
1.04905
1.08352
1.12127
1.14438
1.14934
1.1398
1.11623
1.07694
1.02482
0.979565
0.971129
1.00237
1.04292
1.06796
1.0805
1.09428
1.11378
1.13645
1.1611
1.18249
1.18827
1.16802
1.1228
1.06928
1.03394
1.03174
1.05509
1.0865
1.10175
1.08208
1.05044
1.0462
1.05425
1.04906
1.04074
1.04618
1.07342
1.12073
1.17312
1.20842
1.21117
1.1847
1.15165
1.13504
1.13228
1.11844
1.08624
1.06201
1.06538
1.07777
1.07762
1.06394
1.04649
1.03796
1.04469
1.06262
1.08349
1.09634
1.09067
1.06548
1.0385
1.0361
1.06157
1.09106
1.10731
1.11963
1.13827
1.15074
1.14401
1.12985
1.12863
1.13434
1.1256
1.10279
1.08801
1.09084
1.09076
1.07079
1.04729
1.04855
1.07267
1.09517
1.10377
1.10002
1.08924
1.07807
1.07245
1.07469
1.08258
1.09133
1.09932
1.10931
1.12504
1.15014
1.18283
1.20951
1.21146
1.1796
1.12399
1.07629
1.06731
1.09372
1.13389
1.17744
1.21678
1.23676
1.22522
1.18429
1.1301
1.08431
1.06465
1.07725
1.11271
1.15333
1.18739
1.21162
1.21999
1.20094
1.15109
1.08938
1.05045
1.05643
1.1009
1.15892
1.20618
1.23327
1.24551
1.25107
1.25121
1.23983
1.21349
1.179
1.14754
1.12649
1.11985
1.12687
1.1376
1.13944
1.12673
1.11001
1.11893
1.15513
1.17691
1.17206
1.16456
1.171
1.18377
1.18401
1.16075
1.11949
1.07855
1.05837
1.06766
1.09125
1.10829
1.12052
1.13109
1.12594
1.10123
1.07296
1.05598
1.05275
1.05869
1.06761
1.07825
1.08867
1.0954
1.09911
1.09644
1.08136
1.05484
1.02315
0.992709
0.97799
0.988866
1.01178
1.02805
1.03158
1.02504
1.01187
0.996867
0.987868
0.992036
1.01116
1.04571
1.09182
1.13831
1.17829
1.20598
1.21237
1.19007
1.13878
1.07069
1.01701
1.01314
1.05817
1.05952
1.11359
1.171
1.23919
1.29563
1.32476
1.32733
1.30323
1.25537
1.19878
1.14973
1.11294
1.0888
1.08031
1.0847
1.0899
1.08422
1.06129
1.02062
0.977667
0.96297
0.996066
1.06623
1.13888
1.17401
1.15269
1.09131
1.03481
1.02244
1.04197
1.06324
1.0814
1.09899
1.11726
1.13894
1.1633
1.18362
1.1874
1.16928
1.14633
1.14129
1.15266
1.16799
1.18775
1.21301
1.23531
1.24796
1.24957
1.23762
1.21162
1.18672
1.18746
1.21079
1.22578
1.21198
1.1739
1.13001
1.09053
1.05824
1.04276
1.0487
1.06572
1.07677
1.07073
1.05166
1.03251
1.02054
1.01671
1.02176
1.03354
1.04514
1.0528
1.06051
1.07326
1.0909
1.11054
1.12965
1.14258
1.14161
1.12353
1.09337
1.06559
1.05489
1.0611
1.06955
1.0632
1.03428
0.998103
0.986532
1.00831
1.04249
1.06585
1.06194
1.02608
0.975187
0.943122
0.949547
0.97437
0.990116
0.996094
1.0085
1.03623
1.07128
1.10028
1.11618
1.12211
1.1257
1.12798
1.12094
1.10052
1.07765
1.06733
1.06871
1.07439
1.08756
1.1104
1.13249
1.14746
1.16061
1.17038
1.16381
1.13326
1.08031
1.02611
0.993413
0.97341
0.96378
0.976504
1.01155
1.05872
1.1068
1.14203
1.15046
1.12547
1.07413
1.02135
1.00169
1.02707
1.06521
1.08021
1.06621
1.0425
1.03371
1.04759
1.07125
1.0894
1.09604
1.09173
1.08127
1.07101
1.06449
1.06052
1.05578
1.04929
1.04326
1.03639
1.02654
1.01544
1.00416
0.991134
0.977772
0.971496
0.979925
1.00486
1.04269
1.08357
1.11067
1.10906
1.07546
1.02545
0.994353
1.01535
1.078
1.13293
1.14392
1.1181
1.09489
1.09292
1.09501
1.09134
1.09044
1.0994
1.11506
1.12984
1.13809
1.13817
1.13202
1.12498
1.12077
1.11746
1.10988
1.09769
1.09155
1.10193
1.12185
1.13691
1.1425
1.13895
1.125
