0.996162
0.987674
0.964585
0.927086
0.870946
0.794097
0.701557
0.608015
0.531306
0.482094
0.460839
0.460949
0.473257
0.489664
0.504878
0.516496
0.524302
0.529269
0.532545
0.534806
0.536186
0.536669
0.536434
0.535752
0.534876
0.533906
0.532699
0.531153
0.529494
0.5281
0.527127
0.526556
0.526385
0.526685
0.527594
0.529286
0.531855
0.535
0.537956
0.539908
0.540332
0.539102
0.536458
0.53287
0.52907
0.526232
0.525473
0.526976
0.529692
0.531873
0.532298
0.531093
0.529352
0.528034
0.527145
0.525927
0.523888
0.521756
0.521259
0.523762
0.529236
0.536351
0.543148
0.547994
0.550545
0.551771
0.552925
0.554532
0.556213
0.557247
0.55722
0.556282
0.554897
0.553295
0.55122
0.548267
0.544371
0.54006
0.536328
0.534031
0.533311
0.533975
0.535975
0.539189
0.543106
0.546564
0.548275
0.548018
0.546845
0.546035
0.546148
0.547058
0.548448
0.549971
0.551054
0.550895
0.548965
0.54571
0.542881
0.542361
0.544124
0.546819
0.549437
0.551179
0.551087
0.548664
0.544595
0.540396
0.537732
0.537785
0.540361
0.544176
0.548105
0.551504
0.553831
0.554645
0.553927
0.552185
0.550013
0.547639
0.545315
0.543712
0.543245
0.54314
0.541952
0.539361
0.536609
0.534861
0.534171
0.53398
0.5343
0.535862
0.53883
0.54225
0.545091
0.54719
0.549188
0.551967
0.555775
0.559601
0.561948
0.562382
0.56202
0.562309
0.563515
0.564656
0.564411
0.561986
0.557747
0.552986
0.548795
0.545484
0.542918
0.540967
0.539781
0.539603
0.540237
0.541103
0.541818
0.542297
0.542343
0.541617
0.540234
0.539361
0.540866
0.545755
0.552773
0.559058
0.562457
0.562792
0.560992
0.558
0.554689
0.551615
0.548456
0.544637
0.540572
0.537471
0.535994
0.535343
0.534022
0.53146
0.528641
0.52716
0.52752
0.528577
0.528868
0.52827
0.527905
0.528578
0.529967
0.531662
0.533985
0.537316
0.541528
0.546181
0.550647
0.554054
0.555419
0.554028
0.549854
0.983444
0.950978
0.909595
0.868324
0.834682
0.812859
0.803276
0.803579
0.810166
0.818274
0.82325
0.823086
0.818718
0.812795
0.807624
0.803975
0.802744
0.805352
0.811369
0.817478
0.819338
0.815083
0.806015
0.794251
0.783332
0.777693
0.779637
0.788227
0.799764
0.810074
0.817216
0.820886
0.820257
0.814346
0.804176
0.79307
0.78495
0.782493
0.785326
0.790595
0.795984
0.800833
0.805011
0.808228
0.809684
0.808431
0.804533
0.799872
0.796962
0.795634
0.793009
0.786936
0.777889
0.768936
0.763967
0.765039
0.770457
0.77589
0.778735
0.7794
0.779193
0.779186
0.77952
0.779468
0.779209
0.779842
0.781699
0.784358
0.787366
0.790128
0.791811
0.792301
0.792829
0.795257
0.800333
0.80509
0.805091
0.799914
0.79299
0.787084
0.782656
0.779555
0.777695
0.778021
0.781486
0.786795
0.790947
0.790545
0.784714
0.777782
0.775318
0.778326
0.783995
0.789269
0.792733
0.794806
0.79641
0.797301
0.796575
0.795
0.794959
0.796834
0.797383
0.793675
0.787273
0.783485
0.784768
0.788206
0.79077
0.791827
0.792009
0.791958
0.79209
0.793178
0.796256
0.801273
0.806331
0.808517
0.805621
0.798153
0.789866
0.785239
0.786752
0.793581
0.800862
0.803143
0.799103
0.791798
0.78542
0.782546
0.783708
0.787978
0.79389
0.799724
0.803901
0.805771
0.804856
0.800319
0.792274
0.782679
0.774919
0.771356
0.771599
0.773658
0.774906
0.773421
0.769649
0.766161
0.765383
0.768485
0.775292
0.782963
0.78647
0.783592
0.777519
0.773225
0.773421
0.777173
0.781077
0.782497
0.781418
0.778805
0.775624
0.773169
0.771775
0.77092
0.770613
0.770636
0.770449
0.770065
0.769418
0.769241
0.770567
0.771556
0.771026
0.770257
0.770978
0.774535
0.780036
0.784569
0.785647
0.782334
0.775892
0.769312
0.765655
0.766035
0.769533
0.775084
0.781604
0.787006
0.789657
0.789783
0.788672
0.7877
0.787466
0.787318
0.786472
0.78497
0.783513
0.78257
0.994267
0.979903
0.961032
0.943397
0.931186
0.924976
0.922084
0.918852
0.913644
0.907611
0.903316
0.90299
0.906528
0.911768
0.916635
0.92008
0.92192
0.923277
0.92576
0.928515
0.927716
0.92019
0.907168
0.894002
0.885908
0.883462
0.883334
0.883392
0.884491
0.887718
0.89321
0.899672
0.904619
0.906373
0.904796
0.90118
0.897489
0.894144
0.890592
0.886742
0.883138
0.882263
0.88547
0.889881
0.893664
0.897123
0.898749
0.896606
0.892979
0.8921
0.894599
0.899222
0.904691
0.909352
0.911659
0.910454
0.9072
0.904519
0.902583
0.900953
0.900261
0.901506
0.90395
0.903928
0.89868
0.891548
0.889435
0.89417
0.900903
0.904813
0.9038
0.896393
0.883981
0.872963
0.868999
0.871423
0.876499
0.881781
0.886139
0.890423
0.895371
0.899466
0.90179
0.902338
0.900295
0.896413
0.893037
0.891407
0.891794
0.893674
0.894714
0.893815
0.895482
0.90384
0.914328
0.920346
0.921434
0.920667
0.919441
0.916892
0.912709
0.908051
0.904391
0.902011
0.90016
0.898903
0.901214
0.909362
0.91861
0.921641
0.916277
0.907353
0.901121
0.897738
0.894696
0.892535
0.892795
0.895061
0.897112
0.897838
0.898268
0.89987
0.903018
0.905567
0.904995
0.902997
0.903254
0.906325
0.911607
0.917594
0.920433
0.918454
0.912454
0.904456
0.898074
0.895888
0.896056
0.895161
0.892509
0.889742
0.889485
0.894002
0.903397
0.914568
0.922695
0.925304
0.923576
0.919739
0.914559
0.908232
0.903
0.900709
0.900318
0.901165
0.901766
0.900682
0.899378
0.898781
0.898136
0.89722
0.89483
0.889516
0.883129
0.880132
0.883438
0.89098
0.897542
0.899673
0.897689
0.894739
0.894623
0.898432
0.904278
0.91016
0.914973
0.917579
0.917797
0.917223
0.916466
0.914936
0.913166
0.909521
0.902381
0.894537
0.890138
0.890735
0.894639
0.899119
0.902504
0.90362
0.901486
0.896478
0.89043
0.886714
0.888015
0.893224
0.899508
0.905168
0.908604
0.908889
0.995268
0.985655
0.975108
0.966596
0.962505
0.963681
0.966645
0.968263
0.969871
0.974033
0.979934
0.984511
0.985902
0.985039
0.983183
0.978699
0.970812
0.962078
0.955334
0.950646
0.945008
0.936073
0.925498
0.918124
0.918108
0.926349
0.941764
0.960583
0.976108
0.984031
0.984493
0.980328
0.975373
0.97102
0.966901
0.964321
0.965797
0.970212
0.971965
0.968537
0.963438
0.960228
0.960821
0.966476
0.97348
0.976788
0.975541
0.971114
0.963191
0.951142
0.937493
0.92738
0.924183
0.927858
0.937032
0.948851
0.959863
0.967724
0.970984
0.970767
0.972013
0.975121
0.97775
0.980024
0.981596
0.983449
0.986543
0.988619
0.988359
0.987357
0.985783
0.981604
0.97466
0.966811
0.95889
0.951776
0.94866
0.95147
0.959007
0.968819
0.977376
0.980974
0.978667
0.97169
0.96131
0.949957
0.941813
0.93937
0.941593
0.945195
0.947152
0.947377
0.947811
0.949297
0.950887
0.952488
0.956172
0.963096
0.970332
0.974334
0.974825
0.973175
0.970683
0.967738
0.961834
0.952492
0.945406
0.945047
0.948816
0.950768
0.949369
0.950451
0.958097
0.967852
0.972706
0.96995
0.961934
0.952044
0.942232
0.93568
0.934859
0.938588
0.944097
0.950001
0.954913
0.956702
0.954583
0.949199
0.944156
0.941457
0.941658
0.947601
0.959392
0.972892
0.983797
0.988092
0.985009
0.979308
0.975574
0.973847
0.97266
0.972
0.973402
0.977412
0.98124
0.98163
0.978038
0.972919
0.97018
0.971478
0.975107
0.978483
0.979914
0.97858
0.974643
0.969144
0.9635
0.958752
0.954701
0.950297
0.945594
0.942301
0.941439
0.941816
0.943104
0.947549
0.954985
0.960401
0.960665
0.95917
0.960613
0.96475
0.968014
0.968359
0.967452
0.969195
0.975795
0.984161
0.988092
0.985211
0.978264
0.970316
0.962955
0.957347
0.954817
0.957076
0.963791
0.972676
0.981455
0.986805
0.986487
0.983008
0.981597
0.983941
0.987078
0.986865
0.981503
0.972955
0.964022
0.957264
0.996486
0.996191
0.999585
1.00436
1.00489
0.999312
0.991336
0.985138
0.982931
0.983917
0.985973
0.987673
0.98905
0.991152
0.993163
0.99291
0.989739
0.985598
0.984046
0.985637
0.986027
0.98325
0.980753
0.98307
0.991614
1.00373
1.01404
1.01789
1.01283
0.998466
0.978269
0.960515
0.953273
0.957437
0.966024
0.971424
0.972678
0.973137
0.97331
0.971219
0.966771
0.962046
0.95933
0.959636
0.961725
0.963678
0.966034
0.970871
0.97818
0.986323
0.991974
0.992621
0.989837
0.986615
0.984588
0.984912
0.988066
0.992372
0.994843
0.993447
0.988466
0.981906
0.975442
0.96925
0.965087
0.967731
0.97793
0.988997
0.992694
0.987682
0.981685
0.98161
0.987219
0.995172
1.00057
1.00151
0.999343
0.995281
0.992607
0.993246
0.993805
0.991189
0.987577
0.984717
0.980716
0.975689
0.970173
0.963115
0.955263
0.951783
0.95701
0.967894
0.977503
0.981275
0.978565
0.97078
0.9601
0.950501
0.946206
0.948214
0.95455
0.962447
0.969726
0.976017
0.98238
0.988405
0.99246
0.994101
0.992734
0.986799
0.977625
0.970775
0.971683
0.9778
0.98159
0.981293
0.979466
0.978855
0.979404
0.980023
0.980285
0.97912
0.976411
0.974345
0.976941
0.984349
0.991205
0.994853
0.995714
0.994569
0.992444
0.989583
0.986433
0.985182
0.988007
0.994086
0.99873
0.998835
0.996686
0.995793
0.996101
0.995871
0.995458
0.996752
0.999469
0.99963
0.99487
0.988937
0.985735
0.983148
0.978709
0.975074
0.974937
0.9766
0.976942
0.9739
0.96845
0.966377
0.971626
0.980315
0.986152
0.986896
0.986274
0.988751
0.994196
0.999576
1.00035
0.995744
0.990489
0.988687
0.990046
0.991003
0.987911
0.980452
0.97364
0.971431
0.971381
0.969948
0.966523
0.963476
0.965116
0.972556
0.981118
0.985658
0.984708
0.979991
0.975009
0.972147
0.972663
0.97625
0.981257
0.986716
0.991561
0.993625
0.992179
0.990928
0.993628
0.998278
1.00166
