    0.000000  0.000000
    0.098175  0.098017
    0.196350  0.195090
    0.294524  0.290285
    0.392699  0.382683
    0.490874  0.471397
    0.589049  0.555570
    0.687223  0.634393
    0.785398  0.707107
    0.883573  0.773010
    0.981748  0.831470
    1.079922  0.881921
    1.178097  0.923880
    1.276272  0.956940
    1.374447  0.980785
    1.472621  0.995185
    1.570796  1.000000
    1.668971  0.995185
    1.767146  0.980785
    1.865321  0.956940
    1.963495  0.923880
    2.061670  0.881921
    2.159845  0.831470
    2.258020  0.773011
    2.356194  0.707107
    2.454369  0.634393
    2.552544  0.555570
    2.650719  0.471397
    2.748893  0.382684
    2.847068  0.290285
    2.945243  0.195090
    3.043418  0.098017
    3.141593  0.000000
    3.239767 -0.098017
    3.337942 -0.195090
    3.436117 -0.290285
    3.534292 -0.382683
    3.632466 -0.471397
    3.730641 -0.555570
    3.828816 -0.634393
    3.926991 -0.707107
    4.025165 -0.773010
    4.123340 -0.831470
    4.221515 -0.881921
    4.319690 -0.923879
    4.417864 -0.956940
    4.516039 -0.980785
    4.614214 -0.995185
    4.712389 -1.000000
    4.810564 -0.995185
    4.908738 -0.980785
    5.006913 -0.956940
    5.105088 -0.923880
    5.203263 -0.881921
    5.301437 -0.831470
    5.399612 -0.773011
    5.497787 -0.707107
    5.595962 -0.634393
    5.694136 -0.555570
    5.792311 -0.471397
    5.890486 -0.382684
    5.988661 -0.290285
    6.086835 -0.195091
    6.185010 -0.098017
    6.283185  0.000000
