    0.000000  1.000000
    0.098175  0.995184
    0.196350  0.980785
    0.294524  0.956940
    0.392699  0.923879
    0.490874  0.881921
    0.589049  0.831469
    0.687223  0.773010
    0.785398  0.707106
    0.883573  0.634393
    0.981748  0.555570
    1.079922  0.471397
    1.178097  0.382683
    1.276272  0.290285
    1.374447  0.195090
    1.472621  0.098017
    1.570796  0.000000
    1.668971 -0.098017
    1.767146 -0.195090
    1.865321 -0.290284
    1.963495 -0.382683
    2.061670 -0.471396
    2.159845 -0.555570
    2.258020 -0.634393
    2.356194 -0.707106
    2.454369 -0.773010
    2.552544 -0.831469
    2.650719 -0.881921
    2.748893 -0.923879
    2.847068 -0.956940
    2.945243 -0.980785
    3.043418 -0.995184
    3.141593 -0.999999
    3.239767 -0.995184
    3.337942 -0.980785
    3.436117 -0.956940
    3.534292 -0.923879
    3.632466 -0.881921
    3.730641 -0.831469
    3.828816 -0.773010
    3.926991 -0.707107
    4.025165 -0.634393
    4.123340 -0.555570
    4.221515 -0.471397
    4.319690 -0.382683
    4.417864 -0.290285
    4.516039 -0.195090
    4.614214 -0.098017
    4.712389  0.000000
    4.810564  0.098017
    4.908738  0.195090
    5.006913  0.290284
    5.105088  0.382683
    5.203263  0.471396
    5.301437  0.555570
    5.399612  0.634393
    5.497787  0.707106
    5.595962  0.773010
    5.694136  0.831469
    5.792311  0.881921
    5.890486  0.923879
    5.988661  0.956940
    6.086835  0.980785
    6.185010  0.995184
    6.283185  1.000000
