       0.100       0.001       0.999       0.999
       0.200       0.002       0.998       0.998
       0.300       0.003       0.997       0.997
       0.400       0.004       0.996       0.996
       0.500       0.005       0.995       0.995
       0.600       0.006       0.994       0.994
       0.700       0.007       0.993       0.993
       0.800       0.008       0.992       0.992
       0.900       0.009       0.991       0.991
       1.000       0.010       0.990       0.990
       1.100       0.011       0.989       0.989
       1.200       0.012       0.988       0.988
       1.300       0.013       0.987       0.987
       1.400       0.014       0.986       0.986
       1.500       0.015       0.985       0.985
       1.600       0.016       0.984       0.984
       1.700       0.017       0.983       0.983
       1.800       0.018       0.982       0.982
       1.900       0.019       0.981       0.981
       2.000       0.020       0.980       0.980
       2.100       0.021       0.979       0.979
       2.200       0.022       0.978       0.979
       2.300       0.023       0.977       0.978
       2.400       0.024       0.976       0.977
       2.500       0.025       0.975       0.976
       2.600       0.026       0.974       0.975
       2.700       0.027       0.973       0.974
       2.800       0.028       0.972       0.973
       2.900       0.030       0.971       0.972
       3.000       0.031       0.970       0.971
       3.100       0.032       0.969       0.970
       3.200       0.033       0.968       0.969
       3.300       0.034       0.967       0.968
       3.400       0.035       0.966       0.967
       3.500       0.036       0.964       0.966
       3.600       0.037       0.963       0.965
       3.700       0.039       0.962       0.964
       3.800       0.040       0.961       0.963
       3.900       0.041       0.960       0.961
       4.000       0.042       0.959       0.960
       4.100       0.043       0.958       0.959
       4.200       0.045       0.956       0.958
       4.300       0.046       0.955       0.957
       4.400       0.047       0.954       0.956
       4.500       0.048       0.953       0.955
       4.600       0.050       0.952       0.954
       4.700       0.051       0.950       0.953
       4.800       0.052       0.949       0.951
       4.900       0.054       0.948       0.950
       5.000       0.055       0.946       0.949
       5.100       0.057       0.945       0.948
       5.200       0.058       0.944       0.947
       5.300       0.060       0.942       0.945
       5.400       0.061       0.941       0.944
       5.500       0.063       0.939       0.943
       5.600       0.064       0.938       0.941
       5.700       0.066       0.936       0.940
       5.800       0.067       0.935       0.939
       5.900       0.069       0.933       0.937
       6.000       0.071       0.932       0.936
       6.100       0.073       0.930       0.934
       6.200       0.075       0.928       0.933
       6.300       0.076       0.926       0.931
       6.400       0.078       0.925       0.930
       6.500       0.080       0.923       0.928
       6.600       0.082       0.921       0.927
       6.700       0.084       0.919       0.925
       6.800       0.087       0.917       0.923
       6.900       0.089       0.915       0.922
       7.000       0.091       0.913       0.920
       7.100       0.093       0.911       0.918
       7.200       0.096       0.909       0.916
       7.300       0.098       0.906       0.914
       7.400       0.101       0.904       0.912
       7.500       0.104       0.902       0.910
       7.600       0.106       0.899       0.908
       7.700       0.109       0.897       0.906
       7.800       0.112       0.894       0.904
       7.900       0.115       0.891       0.902
       8.000       0.118       0.889       0.899
       8.100       0.121       0.886       0.897
       8.200       0.125       0.883       0.895
       8.300       0.128       0.880       0.892
       8.400       0.132       0.877       0.890
       8.500       0.135       0.873       0.887
       8.600       0.139       0.870       0.884
       8.700       0.143       0.866       0.882
       8.800       0.147       0.863       0.879
       8.900       0.152       0.859       0.876
       9.000       0.156       0.855       0.873
       9.100       0.161       0.851       0.870
       9.200       0.166       0.847       0.867
       9.300       0.171       0.843       0.863
       9.400       0.176       0.839       0.860
       9.500       0.181       0.834       0.857
       9.600       0.187       0.829       0.853
       9.700       0.193       0.824       0.849
       9.800       0.199       0.819       0.846
       9.900       0.206       0.814       0.842
      10.000       0.212       0.809       0.838
      10.100       0.219       0.803       0.834
      10.200       0.227       0.797       0.830
      10.300       0.234       0.791       0.825
      10.400       0.242       0.785       0.821
      10.500       0.250       0.778       0.816
      10.600       0.259       0.772       0.812
      10.700       0.268       0.765       0.807
      10.800       0.278       0.758       0.802
      10.900       0.288       0.750       0.797
      11.000       0.298       0.742       0.792
      11.100       0.309       0.734       0.786
      11.200       0.320       0.726       0.781
      11.300       0.332       0.717       0.775
      11.400       0.345       0.708       0.769
      11.500       0.358       0.699       0.763
      11.600       0.372       0.689       0.757
      11.700       0.386       0.679       0.751
      11.800       0.402       0.669       0.745
      11.900       0.418       0.659       0.738
      12.000       0.434       0.648       0.732
      12.100       0.452       0.636       0.725
      12.200       0.470       0.625       0.718
      12.300       0.490       0.613       0.711
      12.400       0.510       0.600       0.704
      12.500       0.532       0.588       0.696
      12.600       0.554       0.575       0.689
      12.700       0.578       0.561       0.681
      12.800       0.603       0.547       0.673
      12.900       0.629       0.533       0.666
      13.000       0.656       0.519       0.658
      13.100       0.685       0.504       0.650
      13.200       0.715       0.489       0.641
      13.300       0.747       0.474       0.633
      13.400       0.781       0.458       0.625
      13.500       0.816       0.442       0.616
      13.600       0.852       0.426       0.608
      13.700       0.891       0.410       0.600
      13.800       0.932       0.394       0.591
      13.900       0.974       0.378       0.582
      14.000       1.019       0.361       0.574
      14.100       1.065       0.345       0.565
      14.200       1.114       0.328       0.557
      14.300       1.165       0.312       0.548
      14.400       1.219       0.296       0.539
      14.500       1.275       0.279       0.531
      14.600       1.333       0.264       0.522
      14.700       1.394       0.248       0.514
      14.800       1.458       0.233       0.505
      14.900       1.524       0.218       0.497
      15.000       1.594       0.203       0.489
      15.100       1.666       0.189       0.480
      15.200       1.741       0.175       0.472
      15.300       1.819       0.162       0.464
      15.400       1.900       0.150       0.456
      15.500       1.984       0.138       0.449
      15.600       2.071       0.126       0.441
      15.700       2.161       0.115       0.433
      15.800       2.255       0.105       0.426
      15.900       2.351       0.095       0.419
      16.000       2.451       0.086       0.412
      16.100       2.555       0.078       0.405
      16.200       2.661       0.070       0.398
      16.300       2.771       0.063       0.391
      16.400       2.884       0.056       0.384
      16.500       3.000       0.050       0.378
      16.600       3.120       0.044       0.372
      16.700       3.243       0.039       0.366
      16.800       3.369       0.034       0.360
      16.900       3.498       0.030       0.354
      17.000       3.631       0.026       0.348
      17.100       3.767       0.023       0.342
      17.200       3.906       0.020       0.337
      17.300       4.048       0.017       0.332
      17.400       4.193       0.015       0.326
      17.500       4.342       0.013       0.321
      17.600       4.493       0.011       0.316
      17.700       4.648       0.010       0.312
      17.800       4.805       0.008       0.307
      17.900       4.966       0.007       0.302
      18.000       5.129       0.006       0.298
      18.100       5.296       0.005       0.294
      18.200       5.465       0.004       0.290
      18.300       5.637       0.004       0.285
      18.400       5.812       0.003       0.281
      18.500       5.990       0.003       0.278
      18.600       6.171       0.002       0.274
      18.700       6.354       0.002       0.270
      18.800       6.540       0.001       0.267
      18.900       6.729       0.001       0.263
      19.000       6.920       0.001       0.260
      19.100       7.114       0.001       0.256
      19.200       7.310       0.001       0.253
      19.300       7.509       0.001       0.250
      19.400       7.710       0.000       0.247
      19.500       7.914       0.000       0.244
      19.600       8.120       0.000       0.241
      19.700       8.329       0.000       0.238
      19.800       8.540       0.000       0.235
      19.900       8.754       0.000       0.232
      20.000       8.969       0.000       0.230
      20.100       9.187       0.000       0.227
      20.200       9.408       0.000       0.225
      20.300       9.630       0.000       0.222
      20.400       9.855       0.000       0.220
      20.500      10.082       0.000       0.217
      20.600      10.311       0.000       0.215
      20.700      10.542       0.000       0.213
      20.800      10.776       0.000       0.211
      20.900      11.011       0.000       0.208
      21.000      11.249       0.000       0.206
      21.100      11.489       0.000       0.204
      21.200      11.730       0.000       0.202
      21.300      11.974       0.000       0.200
      21.400      12.220       0.000       0.198
      21.500      12.467       0.000       0.196
      21.600      12.717       0.000       0.194
      21.700      12.969       0.000       0.193
      21.800      13.222       0.000       0.191
      21.900      13.478       0.000       0.189
      22.000      13.735       0.000       0.187
      22.100      13.994       0.000       0.186
      22.200      14.255       0.000       0.184
      22.300      14.518       0.000       0.182
      22.400      14.783       0.000       0.181
      22.500      15.050       0.000       0.179
      22.600      15.318       0.000       0.178
      22.700      15.588       0.000       0.176
      22.800      15.860       0.000       0.175
      22.900      16.134       0.000       0.173
      23.000      16.409       0.000       0.172
      23.100      16.686       0.000       0.171
      23.200      16.965       0.000       0.169
      23.300      17.246       0.000       0.168
      23.400      17.528       0.000       0.167
      23.500      17.812       0.000       0.165
      23.600      18.097       0.000       0.164
      23.700      18.384       0.000       0.163
      23.800      18.673       0.000       0.161
      23.900      18.963       0.000       0.160
      24.000      19.255       0.000       0.159
      24.100      19.549       0.000       0.158
      24.200      19.844       0.000       0.157
      24.300      20.141       0.000       0.156
      24.400      20.439       0.000       0.155
      24.500      20.739       0.000       0.153
      24.600      21.040       0.000       0.152
      24.700      21.343       0.000       0.151
      24.800      21.647       0.000       0.150
      24.900      21.953       0.000       0.149
      25.000      22.261       0.000       0.148
      25.100      22.570       0.000       0.147
      25.200      22.880       0.000       0.146
      25.300      23.192       0.000       0.145
      25.400      23.505       0.000       0.144
      25.500      23.820       0.000       0.143
      25.600      24.136       0.000       0.142
      25.700      24.453       0.000       0.142
      25.800      24.772       0.000       0.141
      25.900      25.093       0.000       0.140
      26.000      25.414       0.000       0.139
      26.100      25.738       0.000       0.138
      26.200      26.062       0.000       0.137
      26.300      26.388       0.000       0.136
      26.400      26.715       0.000       0.136
      26.500      27.044       0.000       0.135
      26.600      27.374       0.000       0.134
      26.700      27.705       0.000       0.133
      26.800      28.038       0.000       0.132
      26.900      28.372       0.000       0.132
      27.000      28.707       0.000       0.131
      27.100      29.044       0.000       0.130
      27.200      29.382       0.000       0.129
      27.300      29.721       0.000       0.129
      27.400      30.061       0.000       0.128
      27.500      30.403       0.000       0.127
      27.600      30.746       0.000       0.126
      27.700      31.090       0.000       0.126
      27.800      31.436       0.000       0.125
      27.900      31.783       0.000       0.124
      28.000      32.131       0.000       0.124
      28.100      32.480       0.000       0.123
      28.200      32.831       0.000       0.122
      28.300      33.182       0.000       0.122
      28.400      33.535       0.000       0.121
      28.500      33.890       0.000       0.121
      28.600      34.245       0.000       0.120
      28.700      34.601       0.000       0.119
      28.800      34.959       0.000       0.119
      28.900      35.318       0.000       0.118
      29.000      35.678       0.000       0.118
      29.100      36.040       0.000       0.117
      29.200      36.402       0.000       0.116
      29.300      36.766       0.000       0.116
      29.400      37.131       0.000       0.115
      29.500      37.497       0.000       0.115
      29.600      37.864       0.000       0.114
      29.700      38.232       0.000       0.114
      29.800      38.601       0.000       0.113
      29.900      38.972       0.000       0.113
      30.000      39.343       0.000       0.112
      30.100      39.716       0.000       0.112
      30.200      40.090       0.000       0.111
      30.300      40.465       0.000       0.110
      30.400      40.841       0.000       0.110
      30.500      41.218       0.000       0.109
      30.600      41.597       0.000       0.109
      30.700      41.976       0.000       0.108
      30.800      42.357       0.000       0.108
      30.900      42.738       0.000       0.108
      31.000      43.121       0.000       0.107
      31.100      43.504       0.000       0.107
      31.200      43.889       0.000       0.106
      31.300      44.275       0.000       0.106
      31.400      44.662       0.000       0.105
      31.500      45.050       0.000       0.105
      31.600      45.439       0.000       0.104
      31.700      45.829       0.000       0.104
      31.800      46.220       0.000       0.103
      31.900      46.612       0.000       0.103
      32.000      47.005       0.000       0.103
      32.100      47.399       0.000       0.102
      32.200      47.794       0.000       0.102
      32.300      48.191       0.000       0.101
      32.400      48.588       0.000       0.101
      32.500      48.986       0.000       0.101
      32.600      49.385       0.000       0.100
      32.700      49.785       0.000       0.100
      32.800      50.187       0.000       0.099
      32.900      50.589       0.000       0.099
      33.000      50.992       0.000       0.099
      33.100      51.396       0.000       0.098
      33.200      51.801       0.000       0.098
      33.300      52.207       0.000       0.097
      33.400      52.614       0.000       0.097
      33.500      53.023       0.000       0.097
      33.600      53.432       0.000       0.096
      33.700      53.842       0.000       0.096
      33.800      54.253       0.000       0.096
      33.900      54.664       0.000       0.095
      34.000      55.077       0.000       0.095
      34.100      55.491       0.000       0.094
      34.200      55.906       0.000       0.094
      34.300      56.322       0.000       0.094
      34.400      56.738       0.000       0.093
      34.500      57.156       0.000       0.093
      34.600      57.574       0.000       0.093
      34.700      57.994       0.000       0.092
      34.800      58.414       0.000       0.092
      34.900      58.835       0.000       0.092
      35.000      59.258       0.000       0.091
      35.100      59.681       0.000       0.091
      35.200      60.105       0.000       0.091
      35.300      60.530       0.000       0.091
      35.400      60.956       0.000       0.090
      35.500      61.382       0.000       0.090
      35.600      61.810       0.000       0.090
      35.700      62.239       0.000       0.089
      35.800      62.668       0.000       0.089
      35.900      63.098       0.000       0.089
      36.000      63.529       0.000       0.088
      36.100      63.962       0.000       0.088
      36.200      64.395       0.000       0.088
      36.300      64.828       0.000       0.087
      36.400      65.263       0.000       0.087
      36.500      65.699       0.000       0.087
      36.600      66.135       0.000       0.087
      36.700      66.573       0.000       0.086
      36.800      67.011       0.000       0.086
      36.900      67.450       0.000       0.086
      37.000      67.890       0.000       0.086
      37.100      68.330       0.000       0.085
      37.200      68.772       0.000       0.085
      37.300      69.215       0.000       0.085
      37.400      69.658       0.000       0.084
      37.500      70.102       0.000       0.084
      37.600      70.547       0.000       0.084
      37.700      70.993       0.000       0.084
      37.800      71.440       0.000       0.083
      37.900      71.887       0.000       0.083
      38.000      72.335       0.000       0.083
      38.100      72.785       0.000       0.083
      38.200      73.235       0.000       0.082
      38.300      73.685       0.000       0.082
      38.400      74.137       0.000       0.082
      38.500      74.589       0.000       0.082
      38.600      75.043       0.000       0.081
      38.700      75.497       0.000       0.081
      38.800      75.952       0.000       0.081
      38.900      76.407       0.000       0.081
      39.000      76.864       0.000       0.080
      39.100      77.321       0.000       0.080
      39.200      77.779       0.000       0.080
      39.300      78.238       0.000       0.080
      39.400      78.698       0.000       0.079
      39.500      79.159       0.000       0.079
      39.600      79.620       0.000       0.079
      39.700      80.082       0.000       0.079
      39.800      80.545       0.000       0.079
      39.900      81.008       0.000       0.078
      40.000      81.473       0.000       0.078
