    0.00000000    0.00000000
    0.05050505    1.83634391
    0.10101010    3.63850230
    0.15151516    5.40664740
    0.20202020    7.14095056
    0.25252524    8.84158226
    0.30303031   10.50871213
    0.35353535   12.14250895
    0.40404040   13.74314064
    0.45454547   15.31077428
    0.50505048   16.84557611
    0.55555558   18.34771153
    0.60606062   19.81734510
    0.65656567   21.25464055
    0.70707071   22.65976081
    0.75757575   24.03286796
    0.80808079   25.37412327
    0.85858583   26.68368722
    0.90909094   27.96171945
    0.95959598   29.20837881
    1.01010096   30.42382336
    1.06060600   31.60821034
    1.11111116   32.76169622
    1.16161621   33.88443666
    1.21212125   34.97658657
    1.26262629   36.03830004
    1.31313133   37.06973041
    1.36363637   38.07103023
    1.41414142   39.04235131
    1.46464646   39.98384465
    1.51515150   40.89566054
    1.56565654   41.77794847
    1.61616158   42.63085721
    1.66666663   43.45453476
    1.71717167   44.24912837
    1.76767671   45.01478458
    1.81818187   45.75164914
    1.86868691   46.45986713
    1.91919196   47.13958284
    1.96969700   47.79093986
    2.02020192   48.41408107
    2.07070708   49.00914860
    2.12121201   49.57628388
    2.17171717   50.11562764
    2.22222233   50.62731987
    2.27272725   51.11149988
    2.32323241   51.56830627
    2.37373734   51.99787695
    2.42424250   52.40034911
    2.47474742   52.77585928
    2.52525258   53.12454329
    2.57575750   53.44653627
    2.62626266   53.74197269
    2.67676759   54.01098635
    2.72727275   54.25371034
    2.77777767   54.47027711
    2.82828283   54.66081843
    2.87878799   54.82546543
    2.92929292   54.96434853
    2.97979808   55.07759755
    3.03030300   55.16534161
    3.08080816   55.22770920
    3.13131309   55.26482817
    3.18181825   55.27682571
    3.23232317   55.26382838
    3.28282833   55.22596210
    3.33333325   55.16335215
    3.38383842   55.07612318
    3.43434334   54.96439922
    3.48484850   54.82830366
    3.53535342   54.66795930
    3.58585858   54.48348828
    3.63636374   54.27501216
    3.68686867   54.04265186
    3.73737383   53.78652771
    3.78787875   53.50675942
    3.83838391   53.20346611
    3.88888884   52.87676629
    3.93939400   52.52677788
    3.98989892   52.15361820
    4.04040384   51.75740398
    4.09090900   51.33825137
    4.14141417   50.89627593
    4.19191933   50.43159262
    4.24242401   49.94431586
    4.29292917   49.43455945
    4.34343433   48.90243665
    4.39393950   48.34806013
    4.44444466   47.77154200
    4.49494934   47.17299381
    4.54545450   46.55252654
    4.59595966   45.91025061
    4.64646482   45.24627589
    4.69696951   44.56071169
    4.74747467   43.85366678
    4.79797983   43.12524937
    4.84848499   42.37556712
    4.89898968   41.60472718
    4.94949484   40.81283612
    5.00000000   40.00000000
