    0.00000000    0.00000000
    0.05050505    1.62891544
    0.10101010    3.23283343
    0.15151516    4.81175397
    0.20202020    6.36567706
    0.25252524    7.89460271
    0.30303031    9.39853090
    0.35353535   10.87746164
    0.40404040   12.33139493
    0.45454547   13.76033078
    0.50505048   15.16426917
    0.55555558   16.54321011
    0.60606062   17.89715361
    0.65656567   19.22609965
    0.70707071   20.53004824
    0.75757575   21.80899939
    0.80808079   23.06295308
    0.85858583   24.29190933
    0.90909094   25.49586812
    0.95959598   26.67482947
    1.01010096   27.82879336
    1.06060600   28.95775981
    1.11111116   30.06172881
    1.16161621   31.14070035
    1.21212125   32.19467445
    1.26262629   33.22365110
    1.31313133   34.22763030
    1.36363637   35.20661204
    1.41414142   36.16059634
    1.46464646   37.08958319
    1.51515150   37.99357259
    1.56565654   38.87256454
    1.61616158   39.72655904
    1.66666663   40.55555609
    1.71717167   41.35955569
    1.76767671   42.13855783
    1.81818187   42.89256254
    1.86868691   43.62156979
    1.91919196   44.32557959
    1.96969700   45.00459194
    2.02020192   45.65860684
    2.07070708   46.28762429
    2.12121201   46.89164429
    2.17171717   47.47066684
    2.22222233   48.02469195
    2.27272725   48.55371960
    2.32323241   49.05774980
    2.37373734   49.53678256
    2.42424250   49.99081786
    2.47474742   50.41985571
    2.52525258   50.82389612
    2.57575750   51.20293907
    2.62626266   51.55698458
    2.67676759   51.88603263
    2.72727275   52.19008324
    2.77777767   52.46913639
    2.82828283   52.72319210
    2.87878799   52.95225035
    2.92929292   53.15631116
    2.97979808   53.33537452
    3.03030300   53.48944042
    3.08080816   53.61850888
    3.13131309   53.72257989
    3.18181825   53.80165344
    3.23232317   53.85572955
    3.28282833   53.88480821
    3.33333325   53.88888942
    3.38383842   53.86797318
    3.43434334   53.82205949
    3.48484850   53.75114835
    3.53535342   53.65523976
    3.58585858   53.53433371
    3.63636374   53.38843022
    3.68686867   53.21752929
    3.73737383   53.02163090
    3.78787875   52.80073506
    3.83838391   52.55484177
    3.88888884   52.28395103
    3.93939400   51.98806284
    3.98989892   51.66717720
    4.04040384   51.32129412
    4.09090900   50.95041358
    4.14141417   50.55453559
    4.19191933   50.13366015
    4.24242401   49.68778727
    4.29292917   49.21691693
    4.34343433   48.72104914
    4.39393950   48.20018391
    4.44444466   47.65432122
    4.49494934   47.08346109
    4.54545450   46.48760350
    4.59595966   45.86674847
    4.64646482   45.22089598
    4.69696951   44.55004605
    4.74747467   43.85419867
    4.79797983   43.13335383
    4.84848499   42.38751155
    4.89898968   41.61667182
    4.94949484   40.82083463
    5.00000000   40.00000000
