                                      0.00000000      0.00000000      0.00000001
                                      0.31415925      0.31015747      0.00000000
                                      0.62831850      0.58811394      0.00000000
                                      0.94247775      0.80884090      0.00000000
                                      1.25663700      0.95088573      0.00000000
                                      1.57079625      1.00000000      0.00000000
                                      1.88495550      0.95113768      0.00000000
                                      2.19911475      0.80905612      0.00000000
                                      2.51327400      0.58775257      0.00000000
                                      2.82743325      0.30896933      0.00000000
                                      3.14159250      0.00000015      0.00000000
                                      3.45575175     -0.30896905      0.00000000
                                      3.76991100     -0.58775233      0.00000000
                                      4.08407025     -0.80905594      0.00000000
                                      4.39822950     -0.95113759      0.00000000
                                      4.71238875     -1.00000000      0.00000000
                                      5.02654800     -0.95088582      0.00000000
                                      5.34070725     -0.80884108      0.00000000
                                      5.65486650     -0.58811418      0.00000000
                                      5.96902575     -0.31015776      0.00000000
                                      6.28318501     -0.00000030      0.00000001
