     .10000000D+01     .88380000D+00
     .10200000D+01     .89550000D+00
     .10400000D+01     .90130000D+00
     .10600000D+01     .90830000D+00
     .10800000D+01     .90810000D+00
     .11000000D+01     .90430000D+00
     .11200000D+01     .90870000D+00
     .11400000D+01     .91900000D+00
     .11600000D+01     .93850000D+00
     .11800000D+01     .93070000D+00
     .12000000D+01     .92760000D+00
     .12200000D+01     .94070000D+00
     .12400000D+01     .93510000D+00
     .12600000D+01     .94080000D+00
     .12800000D+01     .95980000D+00
     .13000000D+01     .95540000D+00
     .13200000D+01     .95680000D+00
     .13400000D+01     .96180000D+00
     .13600000D+01     .95610000D+00
     .13800000D+01     .96240000D+00
     .14000000D+01     .97590000D+00
     .14200000D+01     .98480000D+00
     .14400000D+01     .97590000D+00
     .14600000D+01     .97730000D+00
     .14800000D+01     .98780000D+00
     .15000000D+01     .98450000D+00
     .15200000D+01     .98480000D+00
     .15400000D+01     .10013000D+01
     .15600000D+01     .10038000D+01
     .15800000D+01     .99830000D+00
     .16000000D+01     .10070000D+01
     .16200000D+01     .99630000D+00
     .16400000D+01     .10107000D+01
     .16600000D+01     .10102000D+01
     .16800000D+01     .10236000D+01
     .17000000D+01     .10208000D+01
     .17200000D+01     .10155000D+01
     .17400000D+01     .10232000D+01
     .17600000D+01     .10256000D+01
     .17800000D+01     .10192000D+01
     .18000000D+01     .10385000D+01
     .18200000D+01     .10395000D+01
     .18400000D+01     .10395000D+01
     .18600000D+01     .10364000D+01
     .18800000D+01     .10323000D+01
     .19000000D+01     .10475000D+01
     .19200000D+01     .10430000D+01
     .19400000D+01     .10547000D+01
     .19600000D+01     .10538000D+01
     .19800000D+01     .10541000D+01
