 0.35270
 0.54289
 0.61785
 0.24943
 0.73455
 0.99506
 0.57781
 0.65471
 0.02261
 0.10343
 0.94403
 0.21622
 0.21696
 0.86810
 0.71648
 0.93402
 0.31755
 0.28898
 0.89520
 0.80804
 0.32438
 0.36613
 0.48015
 0.83831
 0.23746
 0.09952
 0.47136
 0.02481
 0.05679
 0.48918
 0.86883
 0.36760
 0.78240
 0.53508
 0.67254
 0.86663
 0.41423
 0.23722
 0.88250
 0.52190
 0.95233
 0.59563
 0.49870
 0.33341
 0.39665
 0.61028
 0.52116
 0.30119
 0.74725
 0.28117
 0.94989
 0.42521
 0.00406
 0.60833
 0.78484
 0.70550
 0.16715
 0.59172
 0.02603
 0.14200
 0.23649
 0.23136
 0.67351
 0.73479
 0.21207
 0.52727
 0.72723
 0.48381
 0.09391
 0.47942
 0.18717
 0.38908
 0.88202
 0.08780
 0.05338
 0.45061
 0.57634
 0.35246
 0.32585
 0.66839
 0.17692
 0.27335
 0.00455
 0.04239
 0.68377
 0.85052
 0.08951
 0.57268
 0.09684
 0.08390
 0.58074
 0.25919
 0.41618
 0.97357
 0.47819
 0.10196
 0.64177
 0.51946
 0.78191
 0.10099
 0.77361
 0.72161
 0.49187
 0.25626
 0.81170
 0.58000
 0.60808
 0.56780
 0.75604
 0.09464
 0.13053
 0.03555
 0.60662
 0.26554
 0.05924
 0.65960
 0.36344
 0.09268
 0.39421
 0.43986
 0.02652
 0.57610
 0.13541
 0.37638
 0.59587
 0.71575
 0.28288
 0.46916
 0.07144
 0.51164
 0.83660
 0.71819
 0.45329
 0.96381
 0.79656
 0.12345
 0.74139
 0.07218
 0.16276
 0.68499
 0.93573
 0.83685
 0.93524
 0.40275
 0.03629
 0.25773
 0.11393
 0.27677
 0.04312
 0.33488
 0.69890
 0.30705
 0.95624
 0.06827
 0.69012
 0.49358
 0.77557
 0.45793
 0.08756
 0.83636
 0.50114
 0.50383
 0.89129
 0.33537
 0.13297
 0.20597
 0.10123
 0.99066
 0.67107
 0.56438
 0.71746
 0.80218
 0.11539
 0.57903
 0.73992
 0.76995
 0.46599
 0.24992
 0.16861
 0.89398
 0.72283
 0.57707
 0.00357
 0.17423
 0.88592
 0.56047
 0.24479
 0.61077
 0.95526
 0.20011
 0.89227
 0.20353
 0.93085
 0.49602
 0.94598
 0.95257
 0.81268
 0.44816
 0.40593
 0.85784
 0.60076
 0.05655
 0.27213
 0.91937
 0.29508
 0.32121
 0.54460
 0.13712
 0.89569
 0.24210
 0.22330
 0.51115
 0.40251
 0.81927
 0.30827
 0.04141
 0.81561
 0.05264
 0.79949
 0.72796
 0.13492
 0.94232
 0.69695
 0.57073
 0.36052
 0.48820
 0.00064
 0.56975
 0.49236
 0.69036
 0.71062
 0.72503
 0.53044
 0.54875
 0.82684
 0.03653
 0.47478
 0.06339
 0.34928
 0.50432
 0.32536
 0.23429
 0.27799
 0.12833
 0.08219
 0.06143
 0.61296
 0.90863
 0.74529
 0.54485
 0.35417
 0.84515
 0.31462
 0.68450
 0.50163
 0.93793
 0.79022
 0.48039
 0.05533
 0.18693
 0.17203
 0.93255
 0.01529
 0.59221
 0.46013
 0.04093
 0.38151
 0.15372
 0.65447
 0.80560
 0.15397
 0.87152
 0.75506
 0.22648
 0.33268
 0.74554
 0.76189
 0.30363
 0.91766
 0.77581
 0.67498
 0.03702
 0.90887
 0.96234
 0.49431
 0.42668
 0.30631
 0.30509
 0.21989
 0.47258
 0.11002
 0.80413
 0.85174
 0.17472
 0.31999
 0.45940
 0.38981
 0.53313
 0.93622
 0.27091
 0.83416
 0.54778
 0.95868
 0.23869
 0.18473
 0.21867
 0.38737
 0.36271
 0.44157
 0.54582
 0.22233
 0.64299
 0.60466
 0.52922
 0.46355
 0.07950
 0.67400
 0.16886
 0.11100
 0.67229
 0.64959
 0.46477
 0.16471
 0.42131
 0.53142
 0.41691
 0.62468
 0.32658
 0.31950
 0.02530
 0.49089
 0.38810
 0.01382
 0.28996
 0.76336
 0.60588
 0.61443
 0.21085
 0.44206
 0.97992
 0.12125
 0.78802
 0.52702
 0.51018
 0.53435
 0.02139
 0.01822
 0.19669
 0.85369
 0.91107
 0.91571
 0.03946
 0.07926
 0.45695
 0.21940
 0.03848
 0.21110
 0.65911
 0.92938
 0.19376
 0.24918
 0.51750
 0.04556
 0.50529
 0.19352
 0.03214
 0.56804
 0.97308
 0.04410
 0.20304
 0.49675
 0.59709
 0.80096
 0.03018
 0.83172
 0.37736
 0.46403
 0.51360
 0.57292
 0.31388
 0.03336
 0.65325
 0.72039
 0.40666
 0.50896
 0.44914
 0.27409
 0.65569
 0.89080
 0.90130
 0.23405
 0.06095
 0.17887
 0.00967
 0.60027
 0.62249
 0.37321
 0.77435
 0.37272
 0.34025
 0.47380
 0.19523
 0.55144
 0.21427
 0.48064
 0.27238
 0.13639
 0.24454
 0.39372
 0.00577
 0.12760
 0.43107
 0.21305
 0.39543
 0.52507
 0.77386
 0.93866
 0.44133
 0.32878
 0.27287
 0.57048
 0.14347
 0.53874
 0.92816
 0.10855
 0.50188
 0.15494
 0.73968
 0.55290
 0.51653
 0.17740
 0.70745
 0.90350
 0.18741
 0.60613
 0.83148
 0.16031
 0.51457
 0.44108
 0.11173
 0.32340
 0.49797
 0.68230
 0.54827
 0.39274
 0.13761
 0.32975
 0.14103
 0.36833
 0.43352
 0.38347
 0.89007
 0.25016
 0.38566
 0.84344
 0.79534
 0.03824
 0.99408
 0.70965
 0.85687
 0.73260
 0.25871
 0.98212
 0.07462
 0.33317
 0.17960
 0.66082
 0.44865
 0.84002
 0.75677
 0.74578
 0.97894
 0.25309
 0.99017
 0.23698
 0.66546
 0.57244
 0.87982
 0.13443
 0.50822
 0.79803
 0.42570
 0.43815
 0.50725
 0.92987
 0.62786
 0.14811
 0.66253
 0.96796
 0.48625
 0.26432
 0.97406
 0.91229
 0.00089
 0.78680
 0.44182
 0.76287
 0.17179
 0.71551
 0.06583
 0.51970
 0.99896
 0.05045
 0.84613
 0.18278
 0.48235
 0.79168
 0.78265
 0.75213
 0.62200
 0.93915
 0.87542
 0.22770
 0.41789
 0.49284
 0.12442
 0.60955
 0.87005
 0.45280
 0.52971
 0.89764
 0.97845
 0.81903
 0.09122
 0.09195
 0.74310
 0.59148
 0.80902
 0.19254
 0.16398
 0.77020
 0.68303
 0.19938
 0.24113
 0.35514
 0.71331
 0.11246
 0.97455
 0.34635
 0.89984
 0.93182
 0.36418
 0.74383
 0.24259
 0.65740
 0.41008
 0.54753
 0.74163
 0.28922
 0.11222
 0.75750
 0.39689
 0.82733
 0.47063
 0.37370
 0.20841
 0.27165
 0.48527
 0.39616
 0.17618
 0.62224
 0.15616
 0.82488
 0.30021
 0.87909
 0.48332
 0.65984
 0.58049
 0.04215
 0.46672
 0.90106
 0.01700
 0.11148
 0.10636
 0.54851
 0.60979
 0.08707
 0.40226
 0.60222
 0.35881
 0.96893
 0.35441
 0.06217
 0.26408
 0.75701
 0.96283
 0.92840
 0.32560
 0.45134
 0.22745
 0.20084
 0.54338
 0.05191
 0.14835
 0.87957
 0.91742
 0.55876
 0.72552
 0.96454
 0.44768
 0.97186
 0.95892
 0.45573
 0.13419
 0.29118
 0.84857
 0.35319
 0.97699
 0.51677
 0.39445
 0.65691
 0.97601
 0.64861
 0.59661
 0.36686
 0.13126
 0.68670
 0.45500
 0.48308
 0.44279
 0.63103
 0.96966
 0.00552
 0.91058
 0.48161
 0.14054
 0.93426
 0.53459
 0.23844
 0.96771
 0.26920
 0.31486
 0.90155
 0.45109
 0.01041
 0.25138
 0.47087
 0.59075
 0.15787
 0.34416
 0.94647
 0.38664
 0.71160
 0.59319
 0.32829
 0.83880
 0.67156
 0.99847
 0.61638
 0.94720
 0.03775
 0.55998
 0.81072
 0.71184
 0.81024
 0.27775
 0.91131
 0.13273
 0.98895
 0.15177
 0.91815
 0.20988
 0.57390
 0.18204
 0.83123
 0.94330
 0.56511
 0.36857
 0.65056
 0.33293
 0.96258
 0.71136
 0.37614
 0.37883
 0.76629
 0.21036
 0.00797
 0.08097
 0.97626
 0.86566
 0.54607
 0.43937
 0.59246
 0.67718
 0.99042
 0.45402
 0.61492
 0.64495
 0.34098
 0.12491
 0.04361
 0.76897
 0.59783
 0.45207
 0.87860
 0.04923
 0.76092
 0.43547
 0.11979
 0.48576
 0.83026
 0.07511
 0.76727
 0.07852
 0.80584
 0.37101
 0.82098
 0.82757
 0.68767
 0.32316
 0.28092
 0.73284
 0.47575
 0.93158
 0.14713
 0.79437
 0.17008
 0.19620
 0.41960
 0.01212
 0.77068
 0.11710
 0.09830
 0.38615
 0.27750
 0.69427
 0.18326
 0.91644
 0.69060
 0.92767
 0.67449
 0.60295
 0.00992
 0.81732
 0.57195
 0.44572
 0.23551
 0.36320
 0.87567
 0.44475
 0.36735
 0.56536
 0.58562
 0.60002
 0.40544
 0.42375
 0.70183
 0.91156
 0.34977
 0.93841
 0.22428
 0.37931
 0.20035
 0.10929
 0.15299
 0.00333
 0.95721
 0.93646
 0.48796
 0.78362
 0.62029
 0.41984
 0.22916
 0.72015
 0.18961
 0.55950
 0.37663
 0.81292
 0.66521
 0.35539
 0.93036
 0.06192
 0.04703
 0.80755
 0.89032
 0.46721
 0.33512
 0.91595
 0.25651
 0.02872
 0.52947
 0.68059
 0.02896
 0.74651
 0.63005
 0.10147
 0.20768
 0.62053
 0.63689
 0.17862
 0.79266
 0.65081
 0.54997
 0.91205
 0.78387
 0.83734
 0.36930
 0.30168
 0.18131
 0.18009
 0.09488
 0.34758
 0.98505
 0.67913
 0.72674
 0.04971
 0.19498
 0.33439
 0.26481
 0.40812
 0.81121
 0.14591
 0.70916
 0.42277
 0.83367
 0.11368
 0.05972
 0.09366
 0.26237
 0.23771
 0.31657
 0.42082
 0.09732
 0.51799
 0.47966
 0.40422
 0.33854
 0.95453
 0.54900
 0.04386
 0.98602
 0.54729
 0.52458
 0.33976
 0.03970
 0.29630
 0.40641
 0.29191
 0.49968
 0.20157
 0.19449
 0.90033
 0.36589
 0.26310
 0.88885
 0.16495
 0.63836
 0.48088
 0.48943
 0.08585
 0.31706
 0.85492
 0.99628
 0.66301
 0.40202
 0.38517
 0.40934
 0.89642
 0.89325
 0.07169
 0.72869
 0.78607
 0.79070
 0.91449
 0.95428
 0.33195
 0.09439
 0.91351
 0.08609
 0.53410
 0.80438
 0.06876
 0.12418
 0.39250
 0.92059
 0.38029
 0.06851
 0.90716
 0.44304
 0.84808
 0.91913
 0.07804
 0.37175
 0.47209
 0.67595
 0.90521
 0.70672
 0.25236
 0.33903
 0.38859
 0.44792
 0.18888
 0.90838
 0.52824
 0.59539
 0.28166
 0.38395
 0.32414
 0.14908
 0.53069
 0.76580
 0.77630
 0.10904
 0.93597
 0.05387
 0.88470
 0.47526
 0.49748
 0.24821
 0.64934
 0.24772
 0.21525
 0.34880
 0.07022
 0.42644
 0.08927
 0.35563
 0.14737
 0.01138
 0.11954
 0.26872
 0.88079
 0.00259
 0.30607
 0.08805
 0.27042
 0.40007
 0.64885
 0.81365
 0.31632
 0.20377
 0.14786
 0.44548
 0.01846
 0.41374
 0.80316
 0.98358
 0.37687
 0.02994
 0.61467
 0.42790
 0.39152
 0.05240
 0.58245
 0.77850
 0.06241
 0.48112
 0.70647
 0.03531
 0.38957
 0.31608
 0.98675
 0.19840
 0.37297
 0.55730
 0.42326
 0.26774
 0.01260
 0.20475
 0.01602
 0.24332
 0.30851
 0.25846
 0.76507
 0.12516
 0.26066
 0.71844
 0.67034
 0.91327
 0.86908
 0.58464
 0.73186
 0.60759
 0.13370
 0.85711
 0.94964
 0.20817
 0.05460
 0.53581
 0.32365
 0.71502
 0.63176
 0.62078
 0.85394
 0.12809
 0.86517
 0.11197
 0.54045
 0.44743
 0.75481
 0.00943
 0.38322
 0.67302
 0.30070
 0.31315
 0.38224
 0.80486
 0.50285
 0.02310
 0.53752
